,trade_date,ts_code,open,high,low,close,pre_close,change,pct_chg,vol,amount,turnover_rate,ma5,ma_v_5,ma10,ma_v_10,ma20,ma_v_20,ma30,ma_v_30,ma60,ma_v_60,ma120,ma_v_120,ma250,ma_v_250
0,20210727,000652.SZ,4.04,4.05,3.94,3.95,4.03,-0.08000000000000007,-1.9851,140584.0,56145.321,0.9535,4.076,125023.516,4.101,119333.931,4.148,118555.089,4.2102,139031.137,4.2732,241235.3235,4.2247,202287.5722,4.8451,255510.5419
1,20210726,000652.SZ,4.09,4.11,3.98,4.03,4.09,-0.05999999999999961,-1.467,148526.12,60098.647,1.0074,4.12,121261.882,4.126,116066.054,4.1624,117542.474,4.2215,139986.917,4.2764,243905.6002,4.2302,203149.4472,4.856,257054.3085
2,20210723,000652.SZ,4.15,4.15,4.07,4.09,4.14,-0.04999999999999982,-1.2077,125024.13,51337.008,0.848,4.132,107317.752,4.139,113896.141,4.1779,115016.3325,4.2335,141766.9467,4.2767,243295.223,4.2363,204609.0857,4.8665,260835.8224
3,20210722,000652.SZ,4.15,4.19,4.13,4.14,4.17,-0.03000000000000025,-0.7194,112392.23,46698.471,0.7623,4.138,102949.706,4.144,114432.114,4.1909,115006.462,4.2461,146656.5063,4.2769,243417.4608,4.244,205299.0963,4.8792,265217.0688
4,20210721,000652.SZ,4.17,4.18,4.12,4.17,4.17,0.0,0.0,98591.1,40915.223,0.6687,4.132,109528.966,4.145,124189.106,4.2034,117770.6445,4.2554,149590.2637,4.2757,242837.1272,4.2516,207328.6328,4.8941,271478.5043
5,20210720,000652.SZ,4.1,4.18,4.08,4.17,4.09,0.08000000000000007,1.956,121775.83,50574.1,0.826,4.126,113644.346,4.143,123205.986,4.2178,128853.9085,4.2641,159991.719,4.2745,242781.318,4.258,208911.9268,4.9083,277382.4694
6,20210719,000652.SZ,4.09,4.12,4.07,4.09,4.12,-0.03000000000000025,-0.7282,78805.47,32181.365,0.5345,4.132,110870.226,4.142,121389.548,4.2328,144154.7445,4.2767,165115.0657,4.274,242366.408,4.2657,211148.4253,4.9221,284615.4538
7,20210716,000652.SZ,4.1,4.17,4.08,4.12,4.11,0.009999999999999787,0.2433,103183.9,42491.902,0.6999,4.146,120474.53,4.154,120914.776,4.2413,146746.3465,4.2903,178569.6353,4.2749,242653.1702,4.2739,212914.4117,4.935,290574.6818
8,20210715,000652.SZ,4.13,4.14,4.05,4.11,4.14,-0.02999999999999936,-0.7246,145288.53,59427.711,0.9854,4.15,125914.522,4.165,123760.137,4.2488,148497.196,4.3083,192564.145,4.2757,242787.7818,4.2822,213963.9152,4.9469,296045.1454
9,20210714,000652.SZ,4.2,4.22,4.13,4.14,4.2,-0.0600000000000005,-1.4286,119168.0,49740.315,0.8083,4.158,138849.246,4.179,119342.053,4.2578,146750.5695,4.3339,219927.043,4.2762,242090.9465,4.2901,215116.9935,4.9573,300747.7674
10,20210713,000652.SZ,4.17,4.21,4.15,4.2,4.16,0.040000000000000036,0.9615,107905.23,45188.008,0.7319,4.16,132767.626,4.1949,117776.247,4.2647,148879.74,4.3522,235338.7707,4.2747,241858.6797,4.2977,217564.678,4.9675,304713.6941
11,20210712,000652.SZ,4.13,4.21,4.12,4.16,4.14,0.020000000000000462,0.4831,126826.99,52802.551,0.8602,4.152,131908.87,4.1989,119018.894,4.2692,151947.3485,4.3712,258917.3197,4.2734,241281.5613,4.3062,220030.8749,,
12,20210709,000652.SZ,4.14,4.14,4.08,4.14,4.15,-0.010000000000000675,-0.241,130383.86,53566.948,0.8844,4.162,121355.022,4.2169,116136.524,4.2807,155702.3495,4.3931,306625.2527,4.2727,241016.0273,4.3161,223455.622,,
13,20210708,000652.SZ,4.19,4.29,4.13,4.15,4.15,0.0,0.0,209962.15,88101.111,1.4241,4.1799,121605.752,4.2378,115580.81,4.2972,162768.7025,4.423,361088.7377,4.2731,240524.8068,4.3253,225913.1055,,
14,20210707,000652.SZ,4.16,4.1799,4.14,4.15,4.16,-0.009999999999999787,-0.2404,88759.9,37015.598,0.602,4.1999,99834.86,4.2617,111352.183,4.3106,162290.8425,4.4373,361067.171,4.2747,238897.801,4.3347,230099.4848,,
15,20210706,000652.SZ,4.1999,4.2099,4.15,4.16,4.2099,-0.049900000000000055,-1.1853,103611.45,43348.829,0.7028,4.2298,102784.868,4.2927,134501.831,4.3246,178384.5855,4.4377,367358.3393,4.2757,240372.8923,4.3465,239383.9158,,
16,20210705,000652.SZ,4.1899,4.2199,4.17,4.2099,4.2298,-0.019899999999999807,-0.4705,74057.75,31142.136,0.5023,4.2458,106128.918,4.3236,166919.941,4.3441,186977.8245,4.435,366286.9637,4.2782,241979.7207,4.3554,243611.6371,,
17,20210702,000652.SZ,4.2797,4.2797,4.16,4.2298,4.2498,-0.019999999999999574,-0.4706,131637.51,55367.167,0.8929,4.2717,110918.026,4.3286,172577.917,4.3585,207397.065,4.4304,366083.7403,4.279,243154.7842,4.3625,246078.3646,,
18,20210701,000652.SZ,4.2997,4.3096,4.2099,4.2498,4.2997,-0.049900000000000055,-1.1605,101107.69,43101.916,0.6858,4.2957,109555.868,4.3326,173234.255,4.38,226966.149,4.425,364508.3023,4.279,242625.8925,4.3697,248335.7383,,
19,20210630,000652.SZ,4.2398,4.2997,4.2298,4.2997,4.2398,0.05989999999999984,1.4128,103509.94,44229.465,0.7021,4.3236,122869.506,4.3366,174159.086,4.4114,270219.538,4.4197,363403.111,4.2787,244410.8955,4.3773,251077.8238,,
20,20210629,000652.SZ,4.3495,4.3595,4.2298,4.2398,4.3396,-0.09980000000000011,-2.2998,120331.7,51683.492,0.8162,4.3555,166218.794,4.3346,179983.233,4.4309,294120.0325,4.4131,362367.8893,4.279,248585.4038,4.386,256190.8969,,
21,20210628,000652.SZ,4.3495,4.3795,4.3296,4.3396,4.3495,-0.00990000000000002,-0.2276,98003.29,42703.346,0.6647,4.4014,227710.964,4.3396,184875.803,4.4573,328866.5325,4.4081,362977.6327,4.2775,249776.6077,4.3948,262063.7387,,
22,20210625,000652.SZ,4.3595,4.3795,4.3196,4.3495,4.3894,-0.03990000000000027,-0.909,124826.72,54356.836,0.8467,4.3855,234237.808,4.3445,195268.175,4.4812,401869.617,4.4021,365942.425,4.2755,250619.7135,4.4021,266333.4134,,
23,20210624,000652.SZ,4.4593,4.4593,4.3695,4.3894,4.4593,-0.06989999999999963,-1.5675,167675.88,74061.089,1.1373,4.3695,236912.642,4.3565,209956.595,4.5156,483842.7015,4.3938,365864.3423,4.2747,251679.9537,4.4093,272497.3978,,
24,20210623,000652.SZ,4.3795,4.5191,4.3595,4.4593,4.4693,-0.009999999999999787,-0.2237,320256.38,141874.979,2.1722,4.3496,225448.666,4.3595,213229.502,4.5251,485924.665,4.3838,363300.1147,4.2729,253037.8255,4.4167,282392.7202,,
25,20210622,000652.SZ,4.2897,4.6787,4.2697,4.4693,4.2598,0.20949999999999935,4.9181,427792.55,190282.862,2.9016,4.3136,193747.672,4.3565,222267.34,4.5102,483786.5935,4.3712,356270.7677,4.2697,252857.7687,4.4224,282925.8943,,
26,20210621,000652.SZ,4.2598,4.2997,4.2398,4.2598,4.2697,-0.00990000000000002,-0.2319,130637.51,55931.164,0.8861,4.2777,142040.642,4.3645,207035.708,4.4907,465970.475,4.3579,345393.775,4.2656,249137.7177,4.424,280360.2769,,
27,20210618,000652.SZ,4.3096,4.3096,4.2298,4.2697,4.2897,-0.019999999999999574,-0.4662,138200.89,58923.497,0.9374,4.3036,156298.542,4.3885,242216.213,4.4812,462836.652,4.3522,345522.231,4.2666,251602.7947,4.427,280043.2671,,
28,20210617,000652.SZ,4.2697,4.3296,4.2697,4.2897,4.2797,0.009999999999999787,0.2337,110356.0,47553.684,0.7485,4.3436,183000.548,4.4274,280698.043,4.4712,460145.326,4.3485,345257.5643,4.2651,251591.8527,4.4305,279934.3993,,
29,20210616,000652.SZ,4.2897,4.3595,4.2598,4.2797,4.2897,-0.009999999999999787,-0.2331,161751.41,69648.745,1.0971,4.3695,201010.338,4.4862,366279.99,4.4613,458025.1235,4.3422,344135.3987,4.2641,252348.9027,4.4335,279909.3629,,
30,20210615,000652.SZ,4.3894,4.3894,4.2697,4.2897,4.3894,-0.09970000000000034,-2.2714,169257.4,73043.438,1.148,4.3994,250787.008,4.5271,408256.832,4.4523,453560.2175,4.3362,343439.51,4.2636,253640.0213,4.4377,279305.8837,,
31,20210611,000652.SZ,4.4593,4.4593,4.3795,4.3894,4.4693,-0.07989999999999942,-1.7878,201927.01,89063.889,1.3696,4.4513,272030.774,4.575,472857.262,4.4423,452028.5475,4.3312,347824.2833,4.2627,254351.1355,4.4418,279157.6868,,
32,20210610,000652.SZ,4.4094,4.5191,4.3595,4.4693,4.4194,0.04989999999999917,1.1291,271710.92,121429.011,1.8429,4.4733,328133.884,4.6179,608471.059,4.4309,451279.55,4.3199,344823.4993,4.2601,254963.7435,4.4441,279157.8103,,
33,20210609,000652.SZ,4.3994,4.4892,4.3894,4.4194,4.4293,-0.009899999999999132,-0.2235,200404.95,89090.191,1.3593,4.5112,378395.538,4.6748,757728.808,4.4124,443818.216,4.3076,340178.4153,4.2553,254505.9215,4.447,277766.3165,,
34,20210608,000652.SZ,4.4992,4.4992,4.3795,4.4293,4.5491,-0.11980000000000057,-2.6335,410634.76,181597.428,2.7852,4.6029,531549.642,4.6907,758619.828,4.3959,438335.421,4.296,336083.9907,4.2489,253089.819,4.4504,277425.0862,,
35,20210607,000652.SZ,4.5291,4.6089,4.4892,4.5491,4.4992,0.049900000000000055,1.1091,275476.23,125397.39,1.8685,4.6548,565726.656,4.6638,745305.847,4.3785,423272.4815,4.285,325570.917,4.2421,248482.1217,4.4549,275988.6061,,
36,20210604,000652.SZ,4.6289,4.6588,4.4892,4.4992,4.6588,-0.1596000000000002,-3.4258,482442.56,220368.039,3.2723,4.6987,673683.75,4.6169,724905.242,4.3545,414572.8085,4.2714,319617.7503,4.235,247319.6603,4.4579,274950.4514,,
37,20210603,000652.SZ,4.7785,4.8284,4.6588,4.6588,4.8783,-0.21950000000000003,-4.4995,523019.19,248280.763,3.5475,4.7625,888808.234,4.574,683457.091,4.3341,397175.24,4.2594,306736.705,4.2293,242060.6177,4.4608,271819.0785,,
38,20210602,000652.SZ,4.6987,4.978,4.6289,4.8783,4.6887,0.18960000000000043,4.0438,966175.47,463286.62,6.5533,4.8384,1137062.078,4.5151,639592.609,4.3091,377537.325,4.2431,293011.4187,4.222,236249.9098,4.4627,268507.4068,,
39,20210601,000652.SZ,4.6987,4.7586,4.6289,4.6887,4.7685,-0.07980000000000054,-1.6735,581519.83,273307.168,3.9443,4.7785,985690.014,4.4363,549770.257,4.2702,333063.103,4.2185,264254.85,4.2099,222901.5315,4.4627,261625.592,,
40,20210531,000652.SZ,4.7785,4.8583,4.6987,4.7685,4.8184,-0.04989999999999917,-1.0356,815261.7,389106.659,5.5297,4.6728,924885.038,4.3775,498863.603,4.2408,311030.849,4.1972,248378.5887,4.2012,215621.0452,4.4639,257758.9537,,
41,20210528,000652.SZ,4.8882,5.0379,4.6688,4.8184,5.0379,-0.21950000000000003,-4.357,1558064.98,754033.378,10.5678,4.5351,776126.734,4.3096,431199.833,4.2094,285307.794,4.1756,223645.803,4.1899,204255.8727,4.4641,252039.6702,,
42,20210527,000652.SZ,5.0379,5.0379,4.8583,5.0379,4.579,0.45889999999999986,10.0218,1764288.41,884362.425,11.9666,4.3855,478105.948,4.2438,294088.041,4.171,212999.7195,4.1523,175406.802,4.1794,180391.4647,4.4642,240162.9168,,
43,20210526,000652.SZ,4.579,4.579,4.579,4.579,4.16,0.4189999999999996,10.0721,209315.15,96075.653,1.4197,4.1919,142123.14,4.15,129907.624,4.1241,131403.219,4.1231,119960.876,4.164,153160.4235,4.4622,227089.7561,,
44,20210525,000652.SZ,4.0902,4.2199,4.0802,4.16,4.0802,0.07980000000000054,1.9558,277494.95,115878.83,1.8822,4.0942,113850.5,4.1011,118051.014,4.0986,124816.072,4.1121,116728.431,4.157,152610.927,4.4649,226444.3375,,
45,20210524,000652.SZ,4.0802,4.1001,4.0602,4.0802,4.0702,0.009999999999999787,0.2457,71470.18,29246.186,0.4848,4.0822,72842.168,4.0932,101239.116,4.0956,115703.452,4.1138,113387.4453,4.1563,150308.3465,4.4716,225327.7365,,
46,20210521,000652.SZ,4.0802,4.0902,4.0602,4.0702,4.0702,0.0,0.0,67961.05,27763.96,0.461,4.0842,86272.932,4.0922,104240.375,4.0986,116974.0045,4.1214,117672.4777,4.1573,151795.2102,4.4792,226825.9615,,
47,20210520,000652.SZ,4.0802,4.1001,4.0602,4.0702,4.0902,-0.020000000000000462,-0.489,84374.37,34459.663,0.5723,4.1021,110070.134,4.0942,110893.389,4.1021,118376.512,4.1277,120225.828,4.1602,154478.9858,4.4865,227483.0119,,
48,20210519,000652.SZ,4.0902,4.1001,4.0602,4.0902,4.1001,-0.00990000000000002,-0.2415,67951.95,27769.996,0.4609,4.1081,117692.108,4.1031,115482.041,4.1071,119720.8235,4.1331,120743.4827,4.1623,156383.7367,4.4934,227696.1155,,
49,20210518,000652.SZ,4.0902,4.1101,4.0602,4.1001,4.0902,0.00990000000000002,0.242,72453.29,29649.621,0.4914,4.1081,122251.528,4.1041,116355.949,4.1096,121497.1465,4.1377,125418.68,4.1618,157727.7785,4.5003,228158.8797,,
50,20210517,000652.SZ,4.14,4.15,4.0702,4.0902,4.16,-0.06979999999999986,-1.6779,138624.0,57092.601,0.9402,4.1041,129636.064,4.1041,123198.095,4.1071,123136.0815,4.145,134802.9183,4.16,158171.0748,4.5067,228591.7986,,
51,20210514,000652.SZ,4.1301,4.17,4.1201,4.16,4.1001,0.05989999999999984,1.4609,186947.06,77597.14,1.268,4.1001,122207.818,4.1091,139415.755,4.1086,119868.788,4.147,136575.5827,4.1585,157825.7893,4.5137,228371.7005,,
52,20210513,000652.SZ,4.0802,4.1301,4.0602,4.1001,4.0902,0.00990000000000002,0.242,122484.24,50420.317,0.8308,4.0862,111716.644,4.0981,131911.398,4.1066,116066.1825,4.149,135297.002,4.1542,156509.8483,4.5198,227904.5083,,
53,20210512,000652.SZ,4.0602,4.1001,4.0303,4.0902,4.0802,0.010000000000000675,0.2451,90749.05,37042.499,0.6155,4.0982,113271.974,4.0981,132898.814,4.1096,114987.502,4.1557,137495.565,4.1525,157309.041,4.5266,227833.4866,,
54,20210511,000652.SZ,4.0702,4.0802,4.0203,4.0802,4.0702,0.009999999999999787,0.2457,109375.97,44354.785,0.7419,4.1001,110460.37,4.0961,131581.13,4.1176,116067.1395,4.162,142775.5363,4.1508,159458.4803,4.5339,228458.7446,,
55,20210510,000652.SZ,4.0902,4.1001,4.0503,4.0702,4.0902,-0.020000000000000462,-0.489,101482.77,41316.455,0.6883,4.1041,116760.126,4.0981,130167.788,4.1241,119461.61,4.1683,149444.7697,4.1527,159593.7995,4.5422,229863.2105,,
56,20210507,000652.SZ,4.16,4.17,4.0802,4.0902,4.16,-0.06979999999999986,-1.6779,134491.19,55355.315,0.9122,4.1181,156623.692,4.1051,129707.634,4.136,124388.529,4.1733,152881.6603,4.1558,159678.6863,4.5511,231687.8813,,
57,20210506,000652.SZ,4.1101,4.16,4.0802,4.16,4.1001,0.05989999999999984,1.4609,130260.89,53945.438,0.8835,4.1101,152106.152,4.1101,125859.635,4.1445,124892.0475,4.1809,157683.3583,4.1593,160091.0945,4.5585,232713.7435,,
58,20210430,000652.SZ,4.1301,4.14,4.0802,4.1001,4.1001,0.0,0.0,76691.03,31555.886,0.5202,4.0981,152525.654,4.1111,123959.606,4.148,123374.2035,4.1816,157926.141,4.1615,161216.3365,4.5665,234596.1111,,
59,20210429,000652.SZ,4.1001,4.17,4.0702,4.1001,4.14,-0.03989999999999938,-0.9638,140874.75,57943.833,0.9555,4.0921,152701.89,4.1151,126638.344,4.1545,129950.0455,4.1859,160562.4067,4.1673,163574.7193,4.5727,235017.5981,,
60,20210428,000652.SZ,4.0602,4.3096,3.9904,4.14,4.0503,0.08969999999999967,2.2147,300800.6,124688.155,2.0402,4.0921,143575.45,4.1101,123074.068,4.1655,140605.33,4.1909,163840.5327,4.1761,163339.8208,4.5792,235130.3421,,
61,20210427,000652.SZ,4.0902,4.1201,4.0203,4.0503,4.1001,-0.04980000000000029,-1.2146,111903.49,45510.222,0.759,4.0921,102791.576,4.1081,100321.821,4.166,135155.4965,4.1942,160877.9877,4.1841,162393.2942,4.5847,234552.366,,
62,20210426,000652.SZ,4.1001,4.1799,4.0902,4.1001,4.0702,0.029900000000000482,0.7346,132358.4,54974.853,0.8977,4.1101,99613.118,4.1151,100220.967,4.1745,136989.804,4.2002,165103.9877,4.1959,165922.9483,4.5921,235608.6369,,
63,20210423,000652.SZ,4.1101,4.1301,4.0702,4.0702,4.1001,-0.029900000000000482,-0.7293,77572.21,31789.878,0.5261,4.1241,95393.558,4.1211,97076.19,4.1844,139793.9405,4.2029,168833.4277,4.211,167180.7318,4.6007,236228.0024,,
64,20210422,000652.SZ,4.1201,4.14,4.0802,4.1001,4.14,-0.03989999999999938,-0.9638,95242.55,39161.629,0.646,4.138,100574.798,4.139,100553.149,4.1949,148372.7395,4.2019,170095.6473,4.2275,171820.1385,4.6092,236865.9353,,
65,20210421,000652.SZ,4.1101,4.16,4.0802,4.14,4.14,0.0,0.0,96881.23,40059.87,0.6571,4.1281,102572.686,4.15,108755.432,4.2034,159083.2605,4.1992,171393.3263,4.2415,175042.5357,4.6177,237188.4191,,
66,20210420,000652.SZ,4.16,4.1799,4.1101,4.14,4.17,-0.03000000000000025,-0.7194,96011.2,39917.847,0.6512,4.1241,97852.066,4.167,119069.424,4.2074,164468.6735,4.1986,175021.5703,4.2574,179930.4427,4.6265,237749.3435,,
67,20210419,000652.SZ,4.16,4.1899,4.14,4.17,4.14,0.03000000000000025,0.7246,111260.6,46484.024,0.7546,4.1201,100828.816,4.179,123924.46,4.2164,173595.22,4.1992,177384.5303,4.2729,183175.6533,4.6349,238109.1536,,
68,20210416,000652.SZ,4.0503,4.14,4.0503,4.14,4.0503,0.08969999999999967,2.2147,103478.41,42638.858,0.7019,4.1181,98758.822,4.1849,122788.801,4.2169,174909.4085,4.2009,179488.401,4.2887,185140.0485,4.6432,238252.979,,
69,20210415,000652.SZ,4.1201,4.1301,4.0303,4.0503,4.1201,-0.06979999999999986,-1.6941,105231.99,42962.038,0.7138,4.1401,100531.5,4.1939,133261.747,4.2214,177524.438,4.2012,181548.213,4.304,188143.0405,4.6519,238797.7375,,
70,20210414,000652.SZ,4.1001,4.14,4.0802,4.1201,4.1201,0.0,0.0,73278.13,30240.053,0.497,4.172,114938.178,4.2209,158136.592,4.2313,184223.765,4.2052,182863.5017,4.3206,193270.6763,4.6623,239489.0033,,
71,20210413,000652.SZ,4.17,4.1799,4.0802,4.1201,4.16,-0.03990000000000027,-0.9591,110894.95,45740.427,0.7522,4.2099,140286.782,4.2238,169989.172,4.2373,191156.071,4.2042,184865.9423,4.3391,198780.1885,4.6723,240889.5973,,
72,20210412,000652.SZ,4.2298,4.2398,4.15,4.16,4.2498,-0.08979999999999944,-2.113,100910.63,42478.643,0.6844,4.2378,147020.104,4.2338,173758.641,4.2428,197545.498,4.2066,185376.1273,4.3595,205895.2167,4.6837,241985.6058,,
73,20210409,000652.SZ,4.2199,4.2498,4.1999,4.2498,4.2099,0.03989999999999938,0.9478,112341.8,47538.735,0.762,4.2518,146818.78,4.2478,182511.691,4.2438,204712.0465,4.2049,186359.971,4.3775,211301.4042,4.6943,243302.2826,,
74,20210408,000652.SZ,4.2997,4.3296,4.1999,4.2099,4.3096,-0.09969999999999946,-2.3134,177265.38,75728.11,1.2023,4.2478,165991.994,4.2508,196192.33,4.2333,204866.8965,4.2019,188493.423,4.3948,221301.1687,4.7049,245828.7748,,
75,20210407,000652.SZ,4.2598,4.3296,4.2298,4.3096,4.2598,0.0497999999999994,1.1691,200021.15,86002.595,1.3567,4.2697,201335.006,4.2568,209411.089,4.2238,202712.2735,4.1989,187229.2477,4.4172,238394.9393,4.7162,246635.8351,,
76,20210406,000652.SZ,4.2498,4.2997,4.2099,4.2598,4.2298,0.03000000000000025,0.7093,144561.56,61651.42,0.9805,4.2378,199691.562,4.2478,209867.923,4.2144,202997.6435,4.1932,185917.9427,4.4325,245243.5535,4.7267,248561.302,,
77,20210402,000652.SZ,4.2298,4.2598,4.2099,4.2298,4.2298,0.0,0.0,99904.01,42416.276,0.6776,4.2298,200497.178,4.2538,223265.98,4.2094,204114.5655,4.1926,188732.1437,4.446,249001.945,4.7354,249187.6576,,
78,20210401,000652.SZ,4.2498,4.2997,4.1899,4.2298,4.3196,-0.08980000000000032,-2.0789,208207.87,88314.533,1.4122,4.2438,218204.602,4.2488,227030.016,4.2089,207838.201,4.1916,192023.9907,4.4603,254045.5842,4.7426,249365.3088,,
79,20210331,000652.SZ,4.14,4.559,4.0902,4.3196,4.15,0.16959999999999997,4.0867,353980.44,151918.586,2.4009,4.2538,226392.666,4.2488,221787.129,4.2049,205691.446,4.1859,190036.877,4.4759,257744.7522,4.75,248734.9433,,
80,20210330,000652.SZ,4.2298,4.2298,4.1001,4.15,4.2199,-0.06989999999999963,-1.6564,191803.93,79596.547,1.3009,4.2438,217487.172,4.2418,210310.938,4.1974,195226.9565,4.175,181539.2313,4.4929,263796.39,4.7566,247006.6123,,
81,20210329,000652.SZ,4.3096,4.3096,4.2199,4.2199,4.2997,-0.07979999999999965,-1.8559,148589.64,63326.016,1.0078,4.2578,220044.284,4.2508,212322.97,4.1944,192304.3275,4.17,179075.996,4.512,274350.8697,4.7657,246776.4707,,
82,20210326,000652.SZ,4.2697,4.3196,4.1999,4.2997,4.2797,0.019999999999999574,0.4673,188441.13,80597.732,1.2781,4.2777,246034.782,4.2518,221332.355,4.1929,191184.8705,4.1593,177722.6947,4.5286,282047.1133,4.7741,247936.5223,,
83,20210325,000652.SZ,4.3396,4.3994,4.2498,4.2797,4.2697,0.009999999999999787,0.2342,249148.19,107662.579,1.6899,4.2538,235855.43,4.2398,226912.402,4.1834,188284.111,4.1494,177122.517,4.5439,293314.8418,4.784,249482.7438,,
84,20210324,000652.SZ,4.2099,4.3595,4.2099,4.2697,4.2199,0.04980000000000029,1.1801,309452.97,133170.526,2.0989,4.2438,217181.592,4.2159,213541.463,4.1775,184643.9695,4.1397,176141.4243,4.5605,311747.6148,4.7952,253081.2773,,
85,20210323,000652.SZ,4.3196,4.3495,4.2099,4.2199,4.3196,-0.09970000000000034,-2.3081,204589.49,87398.13,1.3877,4.2398,203134.704,4.1909,196013.458,4.17,176138.327,4.137,169742.8293,4.575,312994.0198,4.8045,252434.9787,,
86,20210322,000652.SZ,4.1999,4.3296,4.16,4.3196,4.1799,0.13970000000000038,3.3422,278542.13,119158.702,1.8892,4.2438,204601.656,4.1809,196127.364,4.166,173942.9525,4.1384,166475.7123,4.5825,311582.8362,4.814,252465.752,,
87,20210319,000652.SZ,4.1899,4.2498,4.14,4.1799,4.2298,-0.049900000000000055,-1.1797,137544.37,57725.631,0.9329,4.2258,196629.928,4.165,184963.151,4.162,171465.2255,4.1377,162498.8307,4.5875,308483.7395,4.8221,251490.2033,,
88,20210318,000652.SZ,4.2598,4.2697,4.17,4.2298,4.2498,-0.019999999999999574,-0.4706,155779.0,65948.477,1.0566,4.2258,217969.374,4.169,188646.386,4.163,174520.978,4.1414,164506.532,4.5959,308276.946,4.8311,251682.6795,,
89,20210317,000652.SZ,4.2398,4.3695,4.2199,4.2498,4.2398,0.009999999999999787,0.2359,239218.53,102531.288,1.6225,4.1879,209901.334,4.161,189595.763,4.1545,174161.751,4.1487,166587.032,4.6029,307469.8232,4.8407,252458.8169,,
90,20210316,000652.SZ,4.2498,4.2598,4.17,4.2398,4.2298,0.009999999999999787,0.2364,211924.25,89726.565,1.4374,4.142,188892.212,4.153,180142.975,4.1415,167153.378,4.1613,162839.109,4.6117,304971.7462,4.85,253211.1204,,
91,20210315,000652.SZ,4.1899,4.2498,4.14,4.2298,4.1799,0.049900000000000055,1.1938,238683.49,100450.977,1.6189,4.1181,187653.072,4.1381,172285.685,4.1296,162452.509,4.174,163908.6007,4.6209,303964.2382,4.8582,253851.3053,,
92,20210312,000652.SZ,4.0702,4.2099,4.0104,4.1799,4.0403,0.13959999999999972,3.4552,244241.6,101010.035,1.6566,4.1041,173296.374,4.1341,161037.386,4.1131,155917.8645,4.1916,166741.909,4.6282,303351.8772,4.8655,254827.7391,,
93,20210311,000652.SZ,4.0004,4.0602,4.0004,4.0403,4.0203,0.020000000000000462,0.4975,115438.8,46667.523,0.783,4.1121,159323.398,4.1271,149655.82,4.1041,152227.5745,4.2192,165528.036,4.6387,301026.7115,4.8758,254924.8966,,
94,20210310,000652.SZ,4.1101,4.1301,4.0004,4.0203,4.1201,-0.09980000000000011,-2.4223,134172.92,54489.441,0.91,4.1341,169290.192,4.1391,155746.476,4.1016,157441.405,4.2531,173544.6297,4.6518,301760.3533,4.8885,256406.2402,,
95,20210309,000652.SZ,4.1799,4.1899,3.9705,4.1201,4.16,-0.03990000000000027,-0.9591,205728.55,84275.053,1.3954,4.164,171393.738,4.149,156263.196,4.1101,156607.515,4.2837,178691.745,4.6676,303495.0905,4.9011,257282.5254,,
96,20210308,000652.SZ,4.2398,4.2997,4.16,4.16,4.2199,-0.05989999999999984,-1.4195,166900.0,70805.272,1.132,4.158,156918.298,4.151,151758.541,4.1171,151649.8865,4.3163,184839.315,4.6807,302581.2425,4.9139,257812.2321,,
97,20210305,000652.SZ,4.15,4.2398,4.15,4.2199,4.15,0.06989999999999963,1.6843,174376.72,73534.621,1.1827,4.164,148778.398,4.159,157967.3,4.1241,151266.6705,4.3465,188966.7763,4.6922,301577.5393,4.9275,257861.7824,,
98,20210304,000652.SZ,4.15,4.2099,4.1301,4.15,4.17,-0.019999999999999574,-0.4796,165272.77,69120.059,1.121,4.142,139988.242,4.157,160395.57,4.1276,152436.605,4.3765,190791.696,4.7034,300764.9037,4.9409,257971.6474,,
99,20210303,000652.SZ,4.0902,4.1899,4.0802,4.17,4.0902,0.07979999999999965,1.951,144690.65,60133.485,0.9814,4.144,142202.76,4.148,158727.739,4.1425,155082.6665,4.4067,194737.868,4.7155,300349.6525,4.9553,258296.0753,,
100,20210302,000652.SZ,4.1899,4.2199,4.0702,4.0902,4.1899,-0.09969999999999946,-2.3795,133351.35,55254.524,0.9045,4.1341,141132.654,4.1301,154163.781,4.1655,154187.176,4.436,203677.851,4.7266,299896.8622,4.9704,260010.3295,,
101,20210301,000652.SZ,4.14,4.1899,4.1201,4.1899,4.1101,0.07979999999999965,1.9416,126200.5,52690.921,0.856,4.144,146598.784,4.1211,152619.333,4.1919,159720.0585,4.4739,212694.4347,4.7383,299823.4678,4.9849,260949.0955,,
102,20210226,000652.SZ,4.1101,4.14,4.0802,4.1101,4.16,-0.049900000000000055,-1.1995,130425.94,53796.089,0.8846,4.154,167156.202,4.0921,150798.343,4.2204,169594.1705,4.5125,226414.306,4.7489,299934.3688,4.9986,262799.7715,,
103,20210225,000652.SZ,4.16,4.2199,4.1001,4.16,4.1201,0.03990000000000027,0.9684,176345.36,73524.082,1.1961,4.172,180802.898,4.0812,154799.329,4.2652,173464.144,4.5501,236242.8373,4.7604,301019.0887,5.0143,264083.0957,,
104,20210224,000652.SZ,4.14,4.1899,4.0902,4.1201,4.14,-0.019899999999999807,-0.4807,139340.12,57828.88,0.9451,4.152,175252.718,4.0642,159136.334,4.3101,182443.7065,4.5876,254108.9143,4.7729,300277.748,5.0307,264268.5867,,
105,20210223,000652.SZ,4.2398,4.2398,4.1201,4.14,4.2398,-0.09980000000000011,-2.3539,160682.0,67158.844,1.0898,4.1261,167194.908,4.0712,156951.834,4.351,189906.0195,4.6355,289560.631,4.7868,300347.1265,5.0476,264559.5342,,
106,20210222,000652.SZ,4.2099,4.3096,4.2099,4.2398,4.1999,0.03989999999999938,0.95,228987.59,97914.338,1.5531,4.0981,158639.882,4.0832,151541.232,4.3989,201379.702,4.6718,304569.1643,4.8011,301856.7128,5.0648,264991.0311,,
107,20210219,000652.SZ,4.0802,4.2099,4.0403,4.1999,4.0602,0.13970000000000038,3.4407,198659.42,82781.443,1.3474,4.0303,134440.484,4.0892,144566.041,4.4403,204466.5145,4.6994,309271.7463,4.8129,300487.038,5.0811,264708.989,,
108,20210218,000652.SZ,4.0104,4.1001,4.0104,4.0602,3.9904,0.06979999999999986,1.7492,148594.46,60552.308,1.0079,3.9904,128795.76,4.0981,144477.64,4.4862,205989.759,4.729,316067.1777,4.8244,299008.4943,5.098,265627.663,,
109,20210210,000652.SZ,4.0104,4.0503,3.9605,3.9904,4.0004,-0.009999999999999787,-0.25,99051.07,39626.562,0.6718,3.9764,143019.95,4.1371,151437.594,4.5361,212742.9325,4.7659,325452.6273,4.8387,298589.981,5.117,266780.9583,,
110,20210209,000652.SZ,3.9006,4.0303,3.9006,4.0004,3.9006,0.09980000000000011,2.5586,117906.87,46845.792,0.7997,4.0163,146708.76,4.2009,154210.571,4.589,228434.886,4.8108,346053.5487,4.8533,299012.5223,5.1366,268411.1238,,
111,20210208,000652.SZ,4.0004,4.0104,3.8906,3.9006,4.0004,-0.09980000000000011,-2.4948,107990.6,42625.44,0.7325,4.0682,144442.582,4.2628,166820.784,4.6503,242731.9855,4.854,369625.7433,4.869,298917.6117,5.155,269075.0308,,
112,20210205,000652.SZ,3.9804,4.0802,3.9505,4.0004,3.9904,0.009999999999999787,0.2506,170435.8,68577.847,1.156,4.148,154691.598,4.3486,188389.998,4.7226,264222.2875,4.8979,386371.532,4.8854,299299.1682,5.1742,269990.4599,,
113,20210204,000652.SZ,4.1899,4.1899,3.9405,3.9904,4.1899,-0.19949999999999957,-4.7615,219715.41,88769.624,1.4902,4.2059,160159.52,4.4493,192128.959,4.7845,276964.5915,4.9385,409507.1667,4.9007,298357.9322,5.1924,270890.0103,,
114,20210203,000652.SZ,4.2697,4.2797,4.17,4.1899,4.2598,-0.06990000000000052,-1.6409,117495.12,49718.55,0.7969,4.2977,159855.238,4.5561,205751.079,4.8493,301595.2045,4.9814,447353.8053,4.917,297459.0088,5.2112,271571.0494,,
115,20210202,000652.SZ,4.3096,4.3296,4.2199,4.2598,4.2997,-0.03989999999999938,-0.928,106575.98,45653.436,0.7229,4.3855,161712.382,4.6309,222860.205,4.9177,355865.0295,5.013,456245.2103,4.9316,300132.6215,5.2293,272823.042,,
116,20210201,000652.SZ,4.2697,4.3595,4.1899,4.2997,4.2897,0.009999999999999787,0.2331,159235.68,68181.316,1.08,4.4573,189198.986,4.7147,251218.172,4.9661,381083.1305,5.0266,456689.96,4.9464,303697.0763,5.2462,275406.9301,,
117,20210129,000652.SZ,4.4693,4.5391,4.2498,4.2897,4.4493,-0.1596000000000002,-3.5871,197775.41,86092.3,1.3414,4.5491,222088.398,4.7915,264366.988,5.0045,391624.599,5.0372,454468.6483,4.9576,305336.3925,5.2644,277666.5708,,
118,20210128,000652.SZ,4.589,4.589,4.4293,4.4493,4.6289,-0.17959999999999976,-3.88,218194.0,98313.663,1.4799,4.6927,224098.398,4.8743,267501.878,5.0444,401861.9465,5.0505,452047.36,4.9715,307975.8857,5.2837,279930.8542,,
119,20210127,000652.SZ,4.589,4.6488,4.589,4.6289,4.6189,0.009999999999999787,0.2165,126780.84,58724.109,0.8599,4.8144,251646.92,4.9351,274048.271,5.0803,412460.144,5.0572,448352.6143,4.978,306460.4768,5.3016,282391.5116,,
120,20210126,000652.SZ,4.7087,4.7386,4.569,4.6189,4.7586,-0.13970000000000038,-2.9357,244009.0,113540.783,1.655,4.8763,284008.028,4.977,302659.201,5.1157,441975.0375,5.0622,447104.3833,4.9824,306920.8633,5.3194,286387.4671,,
121,20210125,000652.SZ,4.998,4.998,4.7486,4.7586,5.008,-0.24939999999999962,-4.98,323682.74,156833.042,2.1954,4.972,313237.358,5.0379,318643.187,5.1496,471028.223,5.0678,444019.8757,4.9853,306711.4378,5.3361,288632.8856,,
122,20210122,000652.SZ,5.0179,5.0479,4.9581,5.008,5.0578,-0.04980000000000029,-0.9846,207825.41,104146.784,1.4096,5.0339,306645.578,5.0967,340054.577,5.1726,485362.299,5.0648,439961.8453,4.9883,305294.3255,5.3506,289380.2872,,
123,20210121,000652.SZ,4.9381,5.1277,4.9182,5.0578,4.9381,0.11969999999999992,2.424,355936.61,179174.739,2.4142,5.0558,310905.358,5.1197,361800.224,5.183,518196.2705,5.0582,436525.387,4.9903,305275.273,5.3641,291867.7909,,
124,20210120,000652.SZ,5.0479,5.0479,4.9381,4.9381,5.0977,-0.1595999999999993,-3.1308,288586.38,144153.113,1.9574,5.0558,296449.622,5.1426,397439.33,5.194,568155.1685,5.0505,429976.077,4.9908,301911.7322,5.3773,293913.1122,,
125,20210119,000652.SZ,5.0479,5.1676,4.9281,5.0977,5.0678,0.029899999999999594,0.59,390155.65,197089.99,2.6463,5.0778,321310.374,5.2045,488869.854,5.204,572937.713,5.0515,428298.436,4.994,299334.3025,5.388,294866.6342,,
126,20210118,000652.SZ,5.1177,5.1875,5.0578,5.0678,5.1177,-0.049900000000000055,-0.975,290723.84,148882.117,1.9719,5.1037,324049.016,5.2174,510948.089,5.1825,559425.854,5.0452,420323.17,4.9957,295568.2443,5.3981,297216.3562,,
127,20210115,000652.SZ,5.0578,5.1676,5.0279,5.1177,5.0578,0.05989999999999984,1.1843,229124.31,117000.164,1.5541,5.1596,373463.576,5.2174,518882.21,5.1601,549519.4785,5.0379,414188.3023,4.997,293042.6538,5.4108,300146.9469,,
128,20210114,000652.SZ,5.0578,5.1376,4.9381,5.0578,5.0479,0.00990000000000002,0.1961,283657.93,143561.379,1.9239,5.1835,412695.09,5.2145,536222.015,5.1386,544320.101,5.0302,410738.1113,4.9977,291365.9095,5.4245,302669.3123,,
129,20210113,000652.SZ,5.1875,5.2474,4.978,5.0479,5.2274,-0.1795,-3.4338,412890.14,211013.881,2.8005,5.2294,498429.038,5.2254,550872.017,5.1182,535504.786,5.0243,405961.437,4.9998,289452.4345,5.4392,304057.4583,,
130,20210112,000652.SZ,5.3471,5.3671,5.1875,5.2274,5.3471,-0.11969999999999992,-2.2386,403848.86,212705.665,2.7392,5.3312,656429.334,5.2544,581290.874,5.1047,519326.9745,5.0173,396115.8733,5.004,285707.3302,5.4545,304804.4567,,
131,20210111,000652.SZ,5.2574,5.4569,5.2175,5.3471,5.2374,0.10970000000000013,2.0946,537796.64,287830.966,3.6477,5.3312,697847.162,5.2614,623413.259,5.0828,506708.22,5.0026,386952.501,5.0056,282999.006,5.4667,305826.7633,,
132,20210108,000652.SZ,5.2374,5.3671,5.1077,5.2374,5.2873,-0.049900000000000055,-0.9438,425281.88,222256.389,2.8845,5.2753,664300.844,5.2484,630670.021,5.0489,489915.4795,4.9854,373454.4317,5.0078,278075.995,5.4776,310460.9962,,
133,20210107,000652.SZ,5.427,5.4569,5.2374,5.2873,5.5566,-0.2693000000000003,-4.8465,712327.67,381639.893,4.8314,5.2454,659748.94,5.2464,674592.317,5.0274,473887.9685,4.9707,365795.34,5.0111,275303.161,5.4945,317086.445,,
134,20210106,000652.SZ,5.2175,5.7462,5.1975,5.5566,5.2274,0.32920000000000016,6.2976,1202891.62,660782.803,8.1588,5.2214,603314.996,5.2454,738871.007,5.0045,446244.4505,4.9581,346446.5817,5.0151,270356.381,5.516,325131.6402,,
135,20210105,000652.SZ,5.0878,5.3671,5.0678,5.2274,5.0678,0.1596000000000002,3.1493,610938.0,318773.562,4.1438,5.1776,506152.414,5.2035,657005.572,4.975,398012.727,4.9381,311133.622,5.0151,254876.7308,5.5339,328229.0632,,
136,20210104,000652.SZ,5.0678,5.1077,5.008,5.0678,5.0878,-0.019999999999999574,-0.3931,370065.05,187601.712,2.51,5.1915,548979.356,5.1476,607903.619,4.9591,375010.7105,4.9305,299144.2613,5.0209,251879.0505,5.5539,339221.4294,,
137,20201231,000652.SZ,5.1476,5.2274,5.0778,5.0878,5.1676,-0.07980000000000054,-1.5442,402522.36,207463.867,2.7302,5.2215,597039.198,5.1027,580156.747,4.9481,361841.3485,4.9265,291702.3297,5.0249,249373.3702,5.5726,349209.3244,,
138,20201230,000652.SZ,5.2075,5.2973,5.1177,5.1676,5.3372,-0.16959999999999997,-3.1777,430157.95,223581.912,2.9176,5.2474,689435.694,5.0628,552418.187,4.9381,347996.1595,4.9198,281949.811,5.0249,244685.0335,5.5892,358111.6366,,
139,20201229,000652.SZ,5.1576,5.4369,5.0479,5.3372,5.2973,0.03990000000000027,0.7532,717078.71,372941.354,4.8637,5.2694,874427.018,5.011,520137.555,4.9237,333506.147,4.9115,271727.3347,5.0241,239725.1343,5.6022,365534.8538,,
140,20201228,000652.SZ,5.3072,5.4868,5.2673,5.2973,5.2175,0.07979999999999965,1.5295,825072.71,444732.949,5.5962,5.2294,807858.73,4.9551,457363.075,4.8987,303528.373,4.8959,251971.496,5.0203,230216.8347,5.6134,368814.6118,,
141,20201225,000652.SZ,5.1177,5.2873,5.0878,5.2175,5.2175,0.0,0.0,610364.26,315855.859,4.1399,5.1037,666827.882,4.9042,390003.181,4.8733,268722.122,4.8839,228209.48,5.0194,219202.0718,,,,
142,20201224,000652.SZ,5.1975,5.3671,5.0678,5.2175,5.2773,-0.059800000000000075,-1.1332,864504.84,450317.516,5.8636,4.984,563274.296,4.8493,349160.938,4.8538,244846.637,4.873,212226.8043,5.0196,213825.9313,,,,
143,20201223,000652.SZ,5.4868,5.4868,5.2175,5.2773,5.1376,0.13970000000000038,2.7192,1355114.57,725448.513,9.1912,4.8783,415400.68,4.8084,273183.62,4.8329,211396.8515,4.863,187208.6977,5.0241,205650.6458,,,,
144,20201222,000652.SZ,4.6688,5.1376,4.6688,5.1376,4.6688,0.4687999999999999,10.0411,384237.27,194056.155,2.6061,4.7526,165848.092,4.7635,153617.894,4.8144,150234.369,4.8527,147564.2123,5.0299,194414.9397,,,,
145,20201221,000652.SZ,4.6289,4.7087,4.6189,4.6688,4.6189,0.049900000000000055,1.0803,119918.47,56173.102,0.8134,4.6807,106867.42,4.7466,139019.882,4.8054,138197.647,4.8503,144020.0327,5.0341,191875.9377,,,,
146,20201218,000652.SZ,4.6787,4.6887,4.589,4.6189,4.6887,-0.06979999999999986,-1.4887,92596.33,43039.325,0.628,4.7047,113178.48,4.7705,142117.802,4.8219,144764.5825,4.8663,150704.1927,5.0455,193348.6678,,,,
147,20201217,000652.SZ,4.6488,4.6987,4.559,4.6887,4.6488,0.03990000000000027,0.8583,125136.76,58017.707,0.8489,4.7147,135047.58,4.7935,143525.95,4.8384,147475.121,4.8779,156204.1367,5.0567,194496.6672,,,,
148,20201216,000652.SZ,4.7486,4.7685,4.6488,4.6488,4.7785,-0.1297000000000006,-2.7142,107351.63,50405.353,0.7282,4.7386,130966.56,4.8134,143574.132,4.8483,146715.623,4.8926,163904.4113,5.0663,195088.413,,,,
149,20201215,000652.SZ,4.7985,4.8084,4.7286,4.7785,4.7885,-0.009999999999999787,-0.2088,89333.91,42660.844,0.606,4.7745,141387.696,4.8364,146874.739,4.8618,147522.2245,4.8989,164568.3393,5.0785,197447.8107,,,,
150,20201214,000652.SZ,4.6887,4.8483,4.6089,4.7885,4.6688,0.11969999999999992,2.5638,151473.77,71984.016,1.0275,4.8124,171172.344,4.8424,149693.671,4.8663,149275.7065,4.9025,166737.3433,5.0883,201450.4947,,,,
151,20201211,000652.SZ,4.8084,4.8284,4.579,4.6688,4.8084,-0.13959999999999972,-2.9033,201941.83,95049.378,1.3699,4.8364,171057.124,4.8424,147441.063,4.8738,147312.6295,4.9029,169403.0,5.0954,203738.3723,,,,
152,20201210,000652.SZ,4.8284,4.8683,4.7885,4.8084,4.8284,-0.020000000000000462,-0.4142,104731.66,50625.481,0.7105,4.8723,152004.32,4.8583,140532.336,4.8848,143759.7375,4.9119,170626.8057,5.1027,206303.601,,,,
153,20201209,000652.SZ,4.998,5.008,4.8284,4.8284,4.9681,-0.1396999999999995,-2.8119,159457.31,78438.603,1.0817,4.8882,156181.704,4.8573,149610.083,4.8902,144221.2365,4.9225,174025.159,5.1129,208823.0817,,,,
154,20201208,000652.SZ,4.9082,5.0279,4.8882,4.9681,4.9082,0.05989999999999984,1.2204,238257.15,118859.132,1.6163,4.8982,152361.782,4.8653,146850.844,4.8972,144537.3715,4.9311,173847.3873,5.1252,211052.1272,,,,
155,20201207,000652.SZ,4.8384,4.9381,4.8084,4.9082,4.8483,0.05989999999999984,1.2355,150897.67,73845.793,1.0236,4.8723,128214.998,4.8643,137375.412,4.9022,146520.108,4.9365,170370.169,5.1347,211069.9603,,,,
156,20201204,000652.SZ,4.8783,4.8882,4.8184,4.8483,4.8882,-0.03990000000000027,-0.8163,106677.81,51892.295,0.7237,4.8483,123825.002,4.8733,147411.363,4.9142,154997.388,4.9461,170813.3187,5.1471,213043.2217,,,,
157,20201203,000652.SZ,4.8683,4.9082,4.8384,4.8882,4.8783,0.00990000000000002,0.2029,125618.58,61391.117,0.8522,4.8444,129060.352,4.8833,151424.292,4.9202,162543.23,4.9561,171897.0053,5.1628,214146.0255,,,,
158,20201202,000652.SZ,4.8384,4.9082,4.8284,4.8783,4.8384,0.03990000000000027,0.8247,140357.7,68565.058,0.9521,4.8264,143038.462,4.8833,149857.114,4.9322,174069.551,4.9651,171993.7077,5.1784,215178.3912,,,,
159,20201201,000652.SZ,4.7885,4.8583,4.7685,4.8384,4.7885,0.049900000000000055,1.0421,117523.23,56762.787,0.7972,4.8324,141339.906,4.8873,148169.71,4.9302,173415.1395,4.9754,172943.432,5.195,216242.4982,,,,
160,20201130,000652.SZ,4.7985,4.8583,4.7885,4.7885,4.8284,-0.03990000000000027,-0.8264,128947.69,62438.554,0.8747,4.8563,146535.826,4.8902,148857.742,4.9326,175259.1795,4.9907,175298.787,5.2141,220123.7968,,,,
161,20201127,000652.SZ,4.7885,4.8384,4.7286,4.8284,4.7985,0.029900000000000482,0.6231,132854.56,63535.145,0.9012,4.8982,170997.724,4.9052,147184.196,4.9331,180383.9685,5.0086,179045.511,5.2316,222074.7232,,,,
162,20201126,000652.SZ,4.8882,4.8982,4.7785,4.7985,4.9082,-0.10970000000000013,-2.235,195509.13,94393.566,1.3263,4.9222,173788.232,4.9112,146987.139,4.9386,185674.0405,5.0302,182697.5583,5.2482,225665.1742,,,,
163,20201125,000652.SZ,4.988,4.988,4.8982,4.9082,4.9581,-0.049900000000000055,-1.0064,131864.92,65413.395,0.8945,4.9401,156675.766,4.9232,138832.39,4.9551,186232.697,5.0515,184810.982,5.2682,227147.1027,,,,
164,20201124,000652.SZ,4.998,5.008,4.9381,4.9581,4.998,-0.03990000000000027,-0.7983,143502.83,71413.391,0.9735,4.9421,154999.514,4.9291,142223.899,4.9641,187345.659,5.0721,194266.1803,5.2886,228259.4253,,,,
165,20201123,000652.SZ,5.0179,5.0878,4.988,4.998,4.9481,0.049900000000000055,1.0085,251257.18,126638.049,1.7044,4.9242,151179.658,4.9401,155664.804,4.9726,186867.5475,5.0921,198619.8397,5.3084,228771.9418,,,,
166,20201120,000652.SZ,4.9182,4.9481,4.8783,4.9481,4.8882,0.05989999999999984,1.2254,146807.1,72400.822,0.9959,4.9122,123370.668,4.9551,162583.413,4.9825,182514.2965,5.1114,204613.8397,5.3285,228125.3493,,,,
167,20201119,000652.SZ,4.8882,4.9182,4.8583,4.8882,4.9182,-0.02999999999999936,-0.61,109946.8,53856.823,0.7458,4.9002,120186.046,4.9571,173662.168,4.9925,182133.362,5.1233,207044.4107,5.3493,228930.94,,,,
168,20201118,000652.SZ,4.8683,4.9381,4.8483,4.9182,4.8683,0.049900000000000055,1.025,123483.66,60733.759,0.8377,4.9062,120989.014,4.981,198281.988,5.006,183062.0045,5.13,207420.256,5.3716,232246.8317,,,,
169,20201117,000652.SZ,4.9281,4.9281,4.8284,4.8683,4.9381,-0.06980000000000075,-1.4135,124403.55,60674.867,0.8439,4.9162,129448.284,4.9731,198660.569,5.0194,185330.293,5.1367,207722.934,5.3954,234971.9355,,,,
170,20201116,000652.SZ,4.9082,4.9581,4.8783,4.9381,4.8882,0.049900000000000055,1.0208,112212.23,55242.592,0.7612,4.9561,160149.95,4.975,201660.617,5.0409,188519.3095,5.1446,208462.1733,5.4198,237809.7253,,,,
171,20201113,000652.SZ,4.9082,4.9082,4.8384,4.8882,4.9182,-0.02999999999999936,-0.61,130883.99,63886.62,0.8879,4.998,201796.158,4.9611,213583.741,5.0603,194976.1685,5.1549,210194.6637,5.4411,239232.4498,,,,
172,20201112,000652.SZ,4.9681,4.988,4.9082,4.9182,4.9681,-0.049900000000000055,-1.0044,113961.64,56450.101,0.7731,5.014,227138.29,4.9661,224360.942,5.0898,200552.768,5.1662,215425.0583,5.463,240681.7517,,,,
173,20201111,000652.SZ,5.0778,5.0778,4.9581,4.9681,5.0678,-0.09970000000000034,-1.9673,165780.01,83000.645,1.1246,5.0559,275574.962,4.987,233633.004,5.1157,207800.278,5.1852,224092.594,5.4841,243422.0885,,,,
174,20201110,000652.SZ,5.1476,5.2075,5.0379,5.0678,5.1476,-0.07979999999999965,-1.5502,277911.88,142635.264,1.8853,5.0299,267872.854,4.999,232467.419,5.1436,220287.321,5.2071,241265.667,5.5054,245683.09,,,,
175,20201109,000652.SZ,5.0379,5.1775,5.0379,5.1476,4.9681,0.1795,3.6131,320443.27,164780.738,2.1738,4.994,243171.284,5.005,218070.291,5.1681,220097.3575,5.2178,239731.8427,5.5269,245513.4625,,,,
176,20201106,000652.SZ,5.0479,5.0977,4.9381,4.9681,5.1277,-0.1596000000000002,-3.1125,257594.65,129188.272,1.7474,4.9242,225371.324,5.01,202445.18,5.1895,225629.053,5.2248,235993.143,5.546,247116.7838,,,,
177,20201105,000652.SZ,4.9082,5.2075,4.8483,5.1277,4.8384,0.2892999999999999,5.9792,356145.0,179264.522,2.416,4.9182,221583.594,5.0279,190604.556,5.2065,223735.532,5.2354,232789.1977,5.5713,249996.7492,,,,
178,20201104,000652.SZ,4.9082,4.9182,4.8084,4.8384,4.8882,-0.04980000000000029,-1.0188,127269.47,62012.433,0.8634,4.9182,191691.046,5.0309,167842.021,5.2045,211989.39,5.2401,226272.4147,5.5959,251885.8227,,,,
179,20201103,000652.SZ,4.7985,4.9082,4.7785,4.8882,4.7985,0.08970000000000056,1.8693,154404.03,75285.308,1.0474,4.9681,197061.984,5.0658,172000.017,5.2184,212254.1165,5.258,230327.282,5.6251,258322.5463,,,,
180,20201102,000652.SZ,4.9381,4.9681,4.7087,4.7985,4.9381,-0.1396000000000006,-2.827,231443.47,111970.173,1.57,5.016,192969.298,5.1067,175378.002,5.2294,211862.9515,5.274,236163.646,5.6564,265854.0708,,,,
181,20201030,000652.SZ,5.1476,5.1476,4.9281,4.9381,5.1277,-0.18959999999999955,-3.6976,238656.0,120269.389,1.619,5.0958,179519.036,5.1596,176368.596,5.2519,208500.125,5.2879,238073.7447,5.6868,270554.3333,,,,
182,20201029,000652.SZ,5.0379,5.1875,4.998,5.1277,5.0878,0.03990000000000027,0.7842,206682.26,106300.646,1.4021,5.1377,159625.518,5.2135,176744.594,5.2663,210957.1165,5.2936,241980.3963,5.7128,273466.249,,,,
183,20201028,000652.SZ,5.1376,5.1476,5.0379,5.0878,5.1277,-0.03990000000000027,-0.7781,154124.16,78354.258,1.0455,5.1436,143992.996,5.2444,181967.552,5.2843,219322.389,5.3032,243621.0043,5.7379,278460.3088,,,,
184,20201027,000652.SZ,5.1576,5.1775,5.1077,5.1277,5.1975,-0.06979999999999986,-1.343,133940.6,68949.699,0.9086,5.1636,146938.05,5.2883,208107.223,5.3112,245664.791,5.3192,248256.867,5.7638,285914.4922,,,,
185,20201026,000652.SZ,5.2474,5.2773,5.1476,5.1975,5.1476,0.049900000000000055,0.9694,164192.16,85728.799,1.1138,5.1975,157786.706,5.3312,222124.424,5.3242,250562.6185,5.3328,251769.7517,5.7819,290398.9658,,,,
186,20201023,000652.SZ,5.1576,5.2574,5.1376,5.1476,5.1576,-0.010000000000000675,-0.1939,139188.41,72358.984,0.9442,5.2234,173218.156,5.3691,248812.926,5.3322,252767.1245,5.3481,255273.1247,5.8006,298864.468,,,,
187,20201022,000652.SZ,5.1875,5.2175,5.1277,5.1576,5.1875,-0.029899999999999594,-0.5764,128519.65,66507.413,0.8718,5.2893,193863.67,5.385,256866.508,5.3392,253881.5185,5.3694,256395.0457,5.8247,307251.24,,,,
188,20201021,000652.SZ,5.3172,5.3172,5.1676,5.1875,5.2973,-0.1097999999999999,-2.0728,168849.43,88460.287,1.1454,5.3451,219942.108,5.3781,256136.759,5.3446,255487.6115,5.3917,258363.0747,5.8514,313972.715,,,,
189,20201020,000652.SZ,5.2973,5.3072,5.2175,5.2973,5.3272,-0.029900000000000482,-0.5613,188183.88,99113.991,1.2766,5.413,269276.396,5.3711,252508.216,5.3541,259490.9145,5.4146,259541.5643,5.8785,318662.4822,,,,
190,20201019,000652.SZ,5.4768,5.4968,5.3172,5.3272,5.4768,-0.1495999999999995,-2.7315,241349.41,130589.176,1.6372,5.4648,286462.142,5.3521,248347.901,5.3576,266556.468,5.4376,264948.8067,5.905,323901.5833,,,,
191,20201016,000652.SZ,5.4369,5.5267,5.387,5.4768,5.4369,0.03990000000000027,0.7339,242415.98,132591.57,1.6445,5.5147,324407.696,5.3441,240631.654,5.3521,268926.319,5.4545,265103.9353,5.9277,328654.5207,,,,
192,20201015,000652.SZ,5.4968,5.5766,5.417,5.4369,5.5267,-0.08980000000000032,-1.6248,258911.84,142195.481,1.7564,5.4808,319869.346,5.3192,245169.639,5.3337,274598.2975,5.4662,268632.79,5.9474,342845.9973,,,,
193,20201014,000652.SZ,5.5167,5.7362,5.4868,5.5267,5.5566,-0.029900000000000482,-0.5381,415520.87,233585.556,2.8188,5.411,292331.41,5.3242,256677.226,5.3327,274447.7305,5.4848,269483.2233,5.9778,358869.729,,,,
194,20201013,000652.SZ,5.5965,5.6464,5.4968,5.5566,5.5766,-0.019999999999999574,-0.3586,274112.61,153051.729,1.8595,5.3292,235740.036,5.3342,283222.359,5.3347,268331.689,5.5051,262252.6703,6.0169,379906.8995,,,,
195,20201012,000652.SZ,5.3771,5.5866,5.3771,5.5766,5.3072,0.2694000000000001,5.0761,431077.18,238025.636,2.9243,5.2394,210233.66,5.3172,279000.813,5.3337,266592.4155,5.5247,258924.044,6.0528,401581.3955,,,,
196,20201009,000652.SZ,5.1875,5.3272,5.1576,5.3072,5.0878,0.21940000000000026,4.3123,219724.23,115973.27,1.4905,5.1736,156855.612,5.2953,256721.323,5.3377,258503.224,5.5457,251636.859,6.0869,426563.8083,,,,
197,20200930,000652.SZ,5.1376,5.1476,5.0678,5.0878,5.1177,-0.029900000000000482,-0.5842,121222.16,62078.462,0.8223,5.1576,170469.932,5.2933,250896.529,5.3616,256159.3145,5.5753,250817.4693,6.1203,449045.2787,,,,
198,20200929,000652.SZ,5.1277,5.1775,5.1077,5.1177,5.1077,0.009999999999999787,0.1958,132564.0,68336.535,0.8993,5.2374,221023.042,5.3112,254838.464,5.3985,259476.2325,5.6132,257073.4073,6.1535,471538.2397,,,,
199,20200928,000652.SZ,5.2474,5.2773,5.0977,5.1077,5.2474,-0.1396999999999995,-2.6623,146580.73,75612.291,0.9944,5.3392,330704.682,5.3372,266473.613,5.4364,263058.2385,5.6541,262220.937,6.1803,491344.5733,,,,
200,20200925,000652.SZ,5.2175,5.3372,5.1975,5.2474,5.2274,0.019999999999999574,0.3826,164186.94,86763.272,1.1138,5.395,347767.966,5.3631,284765.035,5.4803,273249.2595,5.695,267157.2773,6.2066,507412.389,,,,
201,20200924,000652.SZ,5.4469,5.4669,5.2274,5.2274,5.4868,-0.2593999999999994,-4.7277,287795.83,153056.036,1.9523,5.417,356587.034,5.3601,297220.984,5.5098,277340.076,5.7272,268270.236,,,,,,
202,20200923,000652.SZ,5.5666,5.5866,5.4569,5.4868,5.6265,-0.13970000000000038,-2.4829,373987.71,206181.354,2.537,5.4289,331323.126,5.3481,304026.956,5.5397,280364.3655,5.7598,265938.445,,,,,,
203,20200922,000652.SZ,5.387,5.6664,5.387,5.6265,5.387,0.2395000000000005,4.4459,680972.2,380283.55,4.6195,5.385,288653.886,5.3412,292218.235,5.5651,275886.222,5.7831,262751.583,,,,,,
204,20200921,000652.SZ,5.3671,5.4669,5.3471,5.387,5.3571,0.029899999999999594,0.5581,231897.15,125846.899,1.5731,5.3352,202242.544,5.3352,253441.019,5.5906,251767.826,5.8037,250100.513,,,,,,
205,20200918,000652.SZ,5.2673,5.387,5.2374,5.3571,5.2873,0.06979999999999986,1.3201,208282.28,111123.631,1.3239,5.3312,221762.104,5.3501,254184.018,5.6285,248885.6595,5.836,251295.0823,,,,,,
206,20200917,000652.SZ,5.2673,5.3172,5.2175,5.2873,5.2673,0.020000000000000462,0.3797,161476.29,85252.668,1.0954,5.3033,237854.934,5.3801,260285.125,5.6709,249094.627,5.8672,258240.4247,,,,,,
207,20200916,000652.SZ,5.3372,5.3571,5.2574,5.2673,5.3771,-0.10980000000000079,-2.042,160641.51,85305.223,1.0897,5.2673,276730.786,5.4299,261422.1,5.7163,250777.9395,5.9071,267204.3007,,,,,,
208,20200915,000652.SZ,5.387,5.5068,5.2773,5.3771,5.3671,0.010000000000000675,0.1863,248915.49,133417.099,1.6886,5.2973,295782.584,5.4858,264114.001,5.7641,258190.879,5.9517,277499.2307,,,,,,
209,20200914,000652.SZ,5.2474,5.4968,5.2175,5.3671,5.2175,0.1495999999999995,2.8673,329494.95,177923.752,2.2352,5.3352,304639.494,5.5357,259642.864,5.8125,260094.599,5.9923,286317.8107,,,,,,
210,20200911,000652.SZ,5.1077,5.3172,5.0379,5.2175,5.1077,0.1097999999999999,2.1497,288746.43,150226.308,1.9588,5.3691,286605.932,5.5976,261733.484,5.8609,258353.3985,6.0388,295544.4957,,,,,,
211,20200910,000652.SZ,5.4569,5.4768,5.0678,5.1077,5.417,-0.30929999999999946,-5.7098,355855.55,188247.915,2.414,5.4569,282715.316,5.6594,257459.168,5.9108,253794.862,6.0857,303034.922,,,,,,
212,20200909,000652.SZ,5.4968,5.5367,5.397,5.417,5.5666,-0.1496000000000004,-2.6875,255900.5,140081.317,1.7359,5.5926,246113.414,5.7312,256701.775,5.9657,246894.1895,6.1319,304952.1017,,,,,,
213,20200908,000652.SZ,5.5367,5.5866,5.407,5.5666,5.5367,0.029900000000000482,0.54,293200.04,160916.691,1.989,5.6744,232445.418,5.7891,259554.209,6.0041,248018.257,6.1725,313299.6133,,,,,,
214,20200907,000652.SZ,5.6165,5.7063,5.5267,5.5367,5.6564,-0.11969999999999992,-2.1162,239327.14,134776.093,1.6235,5.7362,214646.234,5.846,250094.633,6.038,248430.26,6.2084,323572.1173,,,,,,
215,20200904,000652.SZ,5.6863,5.6963,5.5866,5.6564,5.7861,-0.1297000000000006,-2.2416,269293.35,152106.558,1.8268,5.826,236861.036,5.9068,243587.301,6.0789,249850.6145,6.231,329028.18,,,,,,
216,20200903,000652.SZ,5.826,5.8659,5.7661,5.7861,5.826,-0.03989999999999938,-0.6849,172846.04,100711.214,1.1725,5.8619,232203.02,5.9617,237904.129,6.1108,257218.0745,6.253,342455.8113,,,,,,
217,20200902,000652.SZ,5.8858,5.9357,5.826,5.826,5.8759,-0.049900000000000055,-0.8492,187560.52,110225.777,1.2724,5.8699,267290.136,6.0026,240133.779,6.1457,270095.401,6.2799,358107.4343,,,,,,
218,20200901,000652.SZ,5.9657,5.9756,5.806,5.8759,5.9856,-0.10970000000000013,-1.8327,204204.12,120181.928,1.3853,5.9038,286663.0,6.0425,252267.757,6.1846,284191.8455,6.3112,369582.3553,,,,,,
219,20200831,000652.SZ,5.8559,6.1053,5.8459,5.9856,5.836,0.1495999999999995,2.5634,350401.15,210094.746,2.377,5.9557,285543.032,6.0894,260546.334,6.2205,299655.284,6.3424,377783.4,,,,,,
220,20200828,000652.SZ,5.836,5.8659,5.7163,5.836,5.826,0.010000000000000675,0.1716,246003.27,142545.909,1.6688,5.9876,250313.566,6.1243,254973.313,6.2594,312450.0015,6.3723,382854.36,,,,,,
221,20200827,000652.SZ,5.9956,6.0155,5.7163,5.826,5.9956,-0.16959999999999997,-2.8287,348281.62,203440.873,2.3627,6.0614,243605.238,6.1622,250130.556,6.2988,325822.799,6.4009,392205.106,,,,,,
222,20200826,000652.SZ,6.1352,6.1352,5.9856,5.9956,6.1352,-0.1396000000000006,-2.2754,284424.84,172371.918,1.9295,6.1352,212977.422,6.2001,237086.604,6.3323,329077.265,6.4285,417059.2047,,,,,,
223,20200825,000652.SZ,6.1552,6.235,6.1153,6.1352,6.1452,-0.009999999999999787,-0.1627,198604.28,122763.718,1.3473,6.1811,217872.514,6.219,236482.305,6.3642,340172.3155,6.4708,448256.2347,,,,,,
224,20200824,000652.SZ,6.2151,6.235,6.1253,6.1452,6.2051,-0.05989999999999984,-0.9653,174253.82,107567.489,1.1821,6.223,235549.636,6.23,246765.887,6.3896,360310.8595,6.5286,497561.1287,,,,,,
225,20200821,000652.SZ,6.2051,6.2949,6.1752,6.2051,6.1951,0.009999999999999787,0.1614,212461.63,132725.282,1.4413,6.2609,259633.06,6.251,256113.928,6.3931,371748.6195,6.5808,544238.747,,,,,,
226,20200820,000652.SZ,6.1851,6.2649,6.1153,6.1951,6.225,-0.029899999999999594,-0.4803,195142.54,121188.735,1.3238,6.2629,256655.874,6.2599,276532.02,6.3986,394731.6525,6.6281,601490.7577,,,,,,
227,20200819,000652.SZ,6.3647,6.3846,6.1851,6.225,6.3447,-0.11969999999999992,-1.8866,308900.3,194287.761,2.0955,6.2649,261195.786,6.2889,300057.023,6.4186,417094.262,6.6653,647273.088,,,,,,
228,20200818,000652.SZ,6.3348,6.3946,6.3048,6.3447,6.3348,0.009899999999999132,0.1563,286989.89,182398.524,1.9469,6.257,255092.096,6.3268,316115.934,6.4455,428239.6545,6.6939,686003.072,,,,,,
229,20200817,000652.SZ,6.2151,6.3647,6.2051,6.3348,6.2151,0.1197000000000008,1.926,294670.94,186130.989,1.999,6.237,257982.138,6.3517,338764.234,6.4689,436401.933,6.7065,720468.2097,,,,,,
230,20200814,000652.SZ,6.1752,6.235,6.1253,6.2151,6.2051,0.009999999999999787,0.1612,197575.7,122442.219,1.3403,6.241,252594.796,6.3946,369926.69,6.4964,446794.8835,6.7182,747667.5007,,,,,,
231,20200813,000652.SZ,6.1652,6.2749,6.1552,6.2051,6.1851,0.019999999999999574,0.3234,217842.1,135815.043,1.4778,6.257,296408.166,6.4355,401515.042,6.5203,463242.381,,,,,,,,
232,20200812,000652.SZ,6.225,6.235,6.0854,6.1851,6.245,-0.05989999999999984,-0.9592,278381.85,171488.946,1.8885,6.3128,338918.26,6.4645,421067.926,6.5428,507045.505,,,,,,,,
233,20200811,000652.SZ,6.3447,6.4246,6.2151,6.245,6.3547,-0.10970000000000013,-1.7263,301440.1,191041.172,2.0449,6.3966,377139.772,6.5093,443862.326,6.5966,554143.1995,,,,,,,,
234,20200810,000652.SZ,6.2749,6.4046,6.245,6.3547,6.2949,0.059800000000000075,0.95,267734.23,170305.039,1.8162,6.4664,419546.33,6.5492,473855.832,6.6779,622958.7495,,,,,,,,
235,20200807,000652.SZ,6.4445,6.4744,6.235,6.2949,6.4844,-0.18949999999999978,-2.9224,416642.55,264051.12,2.8264,6.5482,487258.584,6.5353,487383.311,6.7458,688301.1565,,,,,,,,
236,20200806,000652.SZ,6.6141,6.6141,6.4345,6.4844,6.6041,-0.11969999999999992,-1.8125,430392.57,280180.727,2.9197,6.6141,506621.918,6.5373,512931.285,6.8121,763970.1265,,,,,,,,
237,20200805,000652.SZ,6.6141,6.674,6.4146,6.6041,6.5941,0.009999999999999787,0.1517,469489.41,307526.127,3.1849,6.6161,503217.592,6.5482,534131.501,6.8535,820881.1205,,,,,,,,
238,20200804,000652.SZ,6.7837,6.7837,6.5842,6.5941,6.7637,-0.16959999999999997,-2.5075,513472.89,342653.819,3.4833,6.6221,510584.88,6.5642,540363.375,6.8775,870946.641,,,,,,,,
239,20200803,000652.SZ,6.6041,6.8435,6.5842,6.7637,6.6241,0.13959999999999972,2.1075,606295.5,408889.551,4.113,6.632,528165.334,6.5862,534039.632,6.8839,911320.1975,,,,,,,,
240,20200731,000652.SZ,6.4545,6.7238,6.4146,6.6241,6.4944,0.1297000000000006,1.9971,513459.22,338714.02,3.4832,6.5223,487508.038,6.5981,523663.077,6.8799,936537.906,,,,,,,,
241,20200730,000652.SZ,6.634,6.644,6.4844,6.4944,6.634,-0.1396000000000006,-2.1043,413370.94,271443.972,2.8042,6.4605,519240.652,6.6051,524969.72,,,,,,,,,,
242,20200729,000652.SZ,6.5343,6.7039,6.4744,6.634,6.644,-0.009999999999999787,-0.1505,506325.85,335214.644,3.4348,6.4804,565045.41,6.6211,593023.084,,,,,,,,,,
243,20200728,000652.SZ,6.255,6.7338,6.225,6.644,6.2151,0.4289000000000005,6.9009,601375.16,386808.904,4.0796,6.5063,570141.87,6.6839,664424.073,,,,,,,,,,
244,20200727,000652.SZ,6.3148,6.3846,6.1352,6.2151,6.3148,-0.09970000000000034,-1.5788,403009.02,250965.31,2.7339,6.5403,539913.93,6.8066,772061.667,,,,,,,,,,
245,20200724,000652.SZ,6.5941,6.8236,6.1652,6.3148,6.5941,-0.2793000000000001,-4.2356,672122.29,440128.317,4.5595,6.6739,559818.116,6.9563,889219.002,,,,,,,,,,
246,20200723,000652.SZ,6.674,6.7238,6.3447,6.5941,6.7637,-0.16959999999999997,-2.5075,642394.73,421347.814,4.3578,6.7497,530698.788,7.0869,1015008.968,,,,,,,,,,
247,20200722,000652.SZ,6.7637,6.8934,6.6141,6.7637,6.8136,-0.049900000000000055,-0.7324,531808.15,360846.009,3.6076,6.7617,621000.758,7.1588,1107630.74,,,,,,,,,,
248,20200721,000652.SZ,6.8934,6.9533,6.7737,6.8136,6.8834,-0.06979999999999986,-1.014,450235.46,309194.679,3.0543,6.8615,758706.276,7.1907,1201529.907,,,,,,,,,,
249,20200720,000652.SZ,6.7837,6.8834,6.644,6.8834,6.6939,0.18949999999999978,2.8309,502529.95,341496.365,3.409,7.073,1004209.404,7.1817,1288600.763,,,,,,,,,,
250,20200717,000652.SZ,6.634,6.7737,6.5642,6.6939,6.654,0.03990000000000027,0.5996,526525.65,352519.688,3.5718,7.2386,1218619.888,7.1618,1349412.735,,,,,,,,,,
251,20200716,000652.SZ,7.2127,7.3124,6.5443,6.654,7.2625,-0.6085000000000003,-8.3787,1093904.58,758600.735,7.4208,7.4242,1499319.148,,,,,,,,,,,,
252,20200715,000652.SZ,7.7813,7.7813,7.2426,7.2625,7.8711,-0.6086,-7.7321,1220335.74,912238.878,8.2784,7.5558,1594260.722,,,,,,,,,,,,
253,20200714,000652.SZ,7.9808,8.1704,7.5917,7.8711,7.7115,0.1596000000000002,2.0696,1677751.1,1326191.925,11.3814,7.5199,1644353.538,,,,,,,,,,,,
254,20200713,000652.SZ,7.6616,7.7314,7.4421,7.7115,7.6217,0.08980000000000032,1.1782,1574582.37,1198733.904,10.6816,7.2905,1572992.122,,,,,,,,,,,,
255,20200710,000652.SZ,7.3623,7.921,7.1927,7.6217,7.3124,0.30929999999999946,4.2298,1930021.95,1459515.015,13.0928,7.085,1480205.582,,,,,,,,,,,,
256,20200709,000652.SZ,7.073,7.3822,7.0032,7.3124,7.083,0.22940000000000005,3.2387,1568612.45,1130590.997,10.6411,,,,,,,,,,,,,,
257,20200708,000652.SZ,6.8336,7.1728,6.7837,7.083,6.7238,0.3592000000000004,5.3422,1470799.82,1028942.722,9.9775,,,,,,,,,,,,,,
258,20200707,000652.SZ,6.7637,7.0032,6.5842,6.7238,6.6839,0.03989999999999938,0.597,1320944.02,901005.063,8.9609,,,,,,,,,,,,,,
259,20200706,000652.SZ,6.5451,6.7236,6.4062,6.6839,6.4261,0.2578000000000005,4.0118,1110649.67,738365.92,7.5344,,,,,,,,,,,,,,
