,trade_date,ts_code,open,high,low,close,pre_close,change,pct_chg,vol,amount,turnover_rate,ma5,ma_v_5,ma10,ma_v_10,ma20,ma_v_20,ma30,ma_v_30,ma60,ma_v_60,ma120,ma_v_120,ma250,ma_v_250
0,20210727,000988.SZ,27.3,28.56,27.03,27.3,27.3,0.0,0.0,381159.99,1059232.391,3.7924,26.39,427590.404,25.12,281985.573,24.282,221931.274,23.7973,216403.4297,22.1391,152405.933,21.7453,124559.816,22.8995,165856.324
1,20210726,000988.SZ,27.31,28.05,26.5,27.3,27.31,-0.00999999999999801,-0.0366,401280.14,1098322.58,3.9925,25.73,369610.042,24.805,268478.517,24.0775,208761.17,23.6054,210680.896,22.0225,147487.9888,21.7123,122397.0292,22.8811,165520.2447
2,20210723,000988.SZ,26.81,28.25,26.72,27.31,26.09,1.2199999999999989,4.6761,651610.96,1785703.062,6.4832,25.072,316216.76,24.557,267081.107,23.8884,196103.388,23.3962,200715.733,21.903,142456.0203,21.6785,121171.0496,22.8633,165739.0416
3,20210722,000988.SZ,24.47,26.35,24.0,26.09,23.95,2.1400000000000006,8.9353,577193.01,1471078.983,5.7428,24.4,217308.498,24.206,214488.12,23.6999,171123.7555,23.1844,182367.651,21.7912,132862.0042,21.6536,117542.5249,22.8522,164874.4182
4,20210721,000988.SZ,24.0,24.05,23.63,23.95,24.0,-0.05000000000000071,-0.2083,126707.92,302515.311,1.2607,23.886,127607.024,23.977,178874.504,23.5833,152116.711,23.0073,166195.2803,21.7013,124638.3747,21.6432,114425.2091,22.8506,164748.4667
5,20210720,000988.SZ,23.83,24.17,23.62,24.0,24.01,-0.010000000000001563,-0.0416,91258.18,218092.297,0.908,23.85,136380.742,23.904,178634.253,23.5882,160971.715,22.9081,164480.305,21.6513,123929.3708,21.6529,114930.7528,22.8603,167233.0544
6,20210719,000988.SZ,23.7,24.34,23.7,24.01,23.95,0.060000000000002274,0.2505,134313.73,323354.315,1.3364,23.88,167346.992,23.775,178707.05,23.5801,181385.4635,22.8087,164406.5303,21.6015,124303.556,21.6645,116189.3399,22.8674,170471.3354
7,20210716,000988.SZ,23.52,24.22,23.41,23.95,23.52,0.4299999999999997,1.8282,157069.65,373975.194,1.5628,24.042,217945.454,23.663,174050.4,23.5067,188228.474,22.7078,162038.175,21.5488,123531.1553,21.6748,117027.098,22.8795,174768.9887
8,20210715,000988.SZ,23.52,23.88,23.27,23.52,23.77,-0.25,-1.0517,128685.64,302596.53,1.2804,24.012,211667.742,23.543,167682.987,23.3879,186364.9005,22.605,159961.386,21.5007,122746.013,21.6827,117629.2108,22.8891,178713.3674
9,20210714,000988.SZ,24.13,24.45,23.6,23.77,24.15,-0.379999999999999,-1.5735,170576.51,407944.298,1.6972,24.068,230141.984,23.469,169001.677,23.2781,185964.8775,22.5149,158367.191,21.4552,121407.9748,21.691,119131.9172,22.8908,182686.8504
10,20210713,000988.SZ,24.91,25.09,24.0,24.15,24.82,-0.6700000000000017,-2.6994,246089.43,599094.161,2.4485,23.958,220887.764,23.444,161876.975,23.1359,183612.358,22.4191,156220.6493,21.4018,119301.8048,21.6991,120744.3795,22.8913,185453.5408
11,20210712,000988.SZ,23.85,25.59,23.5,24.82,23.8,1.0199999999999996,4.2857,387306.04,960599.811,3.8535,23.67,190067.108,23.35,149043.823,23.0056,181782.0855,22.3163,152778.7463,21.3424,116085.193,21.697,119744.7042,,
12,20210709,000988.SZ,23.64,23.85,23.35,23.8,23.8,0.0,0.0,125681.09,296983.257,1.2505,23.284,130155.346,23.2199,125125.669,22.8159,167533.046,22.1811,142893.2357,21.275,110606.3455,21.689,118184.9558,,
13,20210708,000988.SZ,23.22,23.85,23.0,23.8,23.22,0.5800000000000018,2.4978,221056.85,521796.798,2.1994,23.074,123698.232,23.1938,127759.391,22.6736,166307.4165,22.0787,142279.1567,21.2232,110165.7072,21.6905,118983.8701,,
14,20210707,000988.SZ,22.69,23.36,22.5,23.22,22.71,0.509999999999998,2.2457,124305.41,286978.963,1.2368,22.87,107861.37,23.1896,125358.918,22.5224,159855.6685,21.9663,137430.1927,21.1715,109130.7988,21.6869,118627.1806,,
15,20210706,000988.SZ,22.81,23.1,22.44,22.71,22.89,-0.17999999999999972,-0.7864,91986.15,209229.011,0.9152,22.93,102866.186,23.2724,143309.177,22.4102,157403.331,21.8728,136328.8243,21.1354,108100.5137,21.6903,119013.8967,,
16,20210705,000988.SZ,22.76,23.05,22.58,22.89,22.75,0.14000000000000057,0.6154,87747.23,200515.058,0.873,23.03,108020.538,23.3852,184063.877,22.3255,157256.2705,21.7887,135045.7447,21.1115,107430.1697,21.7037,120286.5272,,
17,20210702,000988.SZ,22.8,23.05,22.6,22.75,22.78,-0.030000000000001137,-0.1317,93395.52,213096.013,0.9292,23.1558,120095.992,23.3503,202406.548,22.2303,156032.0625,21.693,133787.5527,21.0826,107270.089,21.7131,122163.8257,,
18,20210701,000988.SZ,23.79,23.79,22.78,22.78,23.52,-0.7399999999999984,-3.1463,141872.54,328504.153,1.4116,23.3135,131820.55,23.2327,205046.814,22.1361,156100.5855,21.6096,132656.873,21.0592,107424.945,21.7163,122695.6603,,
19,20210630,000988.SZ,23.28,23.64,23.1,23.52,23.21,0.3099999999999987,1.3356,99329.49,232881.429,0.9883,23.5092,142856.466,23.0872,202928.078,22.0379,153049.948,21.5315,132359.658,21.0263,106027.4452,21.7209,122355.3291,,
20,20210629,000988.SZ,23.5389,23.6686,23.12,23.2098,23.519,-0.30919999999999703,-1.3147,117757.91,275411.733,1.1716,23.6147,183752.168,22.8278,205347.741,21.9067,153392.4865,21.4151,130287.7233,20.9797,105788.435,21.7194,122549.8582,,
21,20210628,000988.SZ,23.8381,23.9079,23.4292,23.519,23.5389,-0.01990000000000336,-0.0845,148124.5,351570.39,1.4738,23.7404,260107.216,22.6612,214520.348,21.7994,154646.208,21.3087,128791.4663,20.948,104645.5642,21.7219,123196.7726,,
22,20210625,000988.SZ,23.6187,23.7384,23.11,23.5389,23.7583,-0.2193999999999967,-0.9235,152018.31,356380.407,1.5125,23.5449,284717.104,22.4118,209940.423,21.6618,151777.019,21.1963,125878.8947,20.9109,103110.8178,21.7257,123977.5247,,
23,20210624,000988.SZ,24.4266,24.4266,23.5688,23.7583,24.0476,-0.2893000000000008,-1.203,197052.12,470758.064,1.9606,23.1519,278273.078,22.1535,204855.442,21.5211,149539.0395,21.076,122619.228,20.8778,101436.9967,21.7257,124536.6619,,
24,20210623,000988.SZ,23.7384,24.1373,23.3594,24.0476,23.8381,0.20949999999999847,0.8788,303808.0,724629.334,3.0227,22.6652,262999.69,21.8553,194352.419,21.3546,143465.83,20.9563,118486.01,20.8392,98975.9312,21.7214,124086.9198,,
25,20210622,000988.SZ,22.9105,24.2271,22.7908,23.8381,22.5415,1.2966000000000015,5.7521,499533.15,1179617.852,4.9701,22.0408,226943.314,21.5481,171497.485,21.173,132838.648,20.8186,110803.5897,20.7945,95274.0522,21.7157,123283.2798,,
26,20210621,000988.SZ,21.6239,22.5714,21.5341,22.5415,21.574,0.9674999999999976,4.4846,271173.94,600656.374,2.698,21.582,168933.48,21.2658,130448.664,20.9905,110536.6785,20.6873,98377.287,20.7505,87556.204,21.7119,120284.3957,,
27,20210618,000988.SZ,21.3446,21.7136,21.175,21.574,21.3247,0.24930000000000163,1.1691,119798.18,258056.542,1.1919,21.2788,135163.742,21.1102,109657.577,20.8643,99478.055,20.5942,92552.8003,20.7289,83907.8773,21.7181,119276.6381,,
28,20210617,000988.SZ,21.1152,21.5042,20.7262,21.3247,20.9257,0.3990000000000009,1.9067,120685.18,255197.236,1.2008,21.1551,131437.806,21.0394,107154.357,20.798,96461.9025,20.5384,91768.4677,20.7222,83027.2037,21.7389,120318.9257,,
29,20210616,000988.SZ,21.5341,21.5341,20.8658,20.9257,21.5441,-0.6184000000000012,-2.8704,123526.12,261959.064,1.229,21.0454,125705.148,20.9885,103171.818,20.7536,97075.448,20.4985,90360.4797,20.7245,83154.2122,21.7525,120127.1911,,
30,20210615,000988.SZ,21.1451,21.7835,21.0753,21.5441,21.0254,0.518699999999999,2.467,209483.98,452781.336,2.0843,21.0554,116051.656,20.9855,101437.232,20.7088,92757.7145,20.4808,88408.4363,20.7196,81714.1462,21.7728,120793.2557,,
31,20210611,000988.SZ,20.9656,21.1451,20.8758,21.0254,20.9556,0.06980000000000075,0.3331,102325.25,215470.097,1.0181,20.9496,91963.848,20.9377,94772.068,20.6324,85927.0255,20.4396,84295.0817,20.7026,78860.1677,21.7865,119857.798,,
32,20210610,000988.SZ,20.806,21.0254,20.7362,20.9556,20.7761,0.17950000000000088,0.864,101168.5,211954.235,1.0066,20.9417,84151.412,20.9117,93613.615,20.5886,83848.1305,20.4097,84196.3077,20.6931,78734.682,21.8042,120854.198,,
33,20210609,000988.SZ,20.9556,21.0753,20.6863,20.7761,20.9756,-0.19950000000000045,-0.9511,92021.89,192144.305,0.9156,20.9237,82870.908,20.8888,94222.637,20.5372,81501.121,20.3981,83356.3573,20.6911,78400.5875,21.8281,121100.4519,,
34,20210608,000988.SZ,21.0454,21.205,20.9057,20.9756,21.0155,-0.03989999999999938,-0.1899,75258.66,158377.116,0.7488,20.9317,80638.488,20.8539,92579.241,20.5068,80552.8055,20.3954,83081.469,20.6996,78063.3113,21.8544,121933.8492,,
35,20210607,000988.SZ,21.0553,21.2748,20.9456,21.0155,20.9855,0.030000000000001137,0.143,89044.94,188157.176,0.886,20.9157,86822.808,20.798,94179.811,20.4539,80456.642,20.3944,83378.4367,20.7024,77862.6945,21.883,122147.0356,,
36,20210604,000988.SZ,20.8459,21.0653,20.7561,20.9855,20.8658,0.11969999999999814,0.5737,63263.07,132775.697,0.6294,20.9257,97580.288,20.7152,90624.693,20.3981,82341.5985,20.3944,84200.5817,20.7112,78316.5685,21.9119,122248.2795,,
37,20210603,000988.SZ,20.8459,21.0952,20.7362,20.8658,20.816,0.04980000000000118,0.2392,94765.98,198930.401,0.9429,20.8818,103075.818,20.6185,89298.533,20.3362,84000.412,20.3897,85024.1357,20.7302,79177.8063,21.943,122626.0231,,
38,20210602,000988.SZ,20.9556,21.0254,20.6963,20.816,20.8958,-0.07980000000000231,-0.3819,80859.79,169138.513,0.8045,20.8539,105574.366,20.5566,85769.448,20.2878,84075.523,20.3964,85530.64,20.7523,79334.6825,21.9738,122728.0798,,
39,20210601,000988.SZ,21.1252,21.1252,20.796,20.8958,21.0653,-0.16949999999999932,-0.8046,106180.26,222835.365,1.0564,20.7761,104519.994,20.5187,90979.078,20.2534,83954.8105,20.3954,84448.7587,20.7714,79849.2015,22.006,123284.8028,,
40,20210531,000988.SZ,20.7561,21.205,20.6963,21.0653,20.7661,0.299199999999999,1.4408,142832.34,300879.431,1.4211,20.6803,101536.814,20.432,84078.197,20.2285,81894.0385,20.3844,82382.9603,20.795,81220.5583,22.0385,123397.215,,
41,20210528,000988.SZ,20.6963,20.806,20.5167,20.7661,20.7262,0.03990000000000293,0.1925,90740.72,187728.977,0.9028,20.5048,83669.098,20.3272,77081.983,20.1906,79056.5885,20.3685,79391.6397,20.7972,80279.905,22.0679,123650.1836,,
42,20210527,000988.SZ,20.4769,20.8658,20.4469,20.7262,20.427,0.299199999999999,1.4647,107258.72,222498.834,1.0672,20.3552,75521.248,20.2654,74082.646,20.1587,79487.654,20.3688,78319.4553,20.808,80090.68,22.1011,124089.6554,,
43,20210526,000988.SZ,20.407,20.6364,20.3372,20.427,20.417,0.00999999999999801,0.049,75587.93,155135.821,0.7521,20.2594,65964.53,20.1856,68779.605,20.1527,77923.2175,20.3678,78052.2577,20.8158,79592.1848,22.1358,124911.8397,,
44,20210525,000988.SZ,20.2674,20.4669,20.0978,20.417,20.1876,0.22940000000000182,1.1363,91264.36,186221.83,0.908,20.2614,77438.162,20.1597,68526.37,20.1662,78332.583,20.3768,80831.405,20.8271,80176.2613,22.1784,126775.0607,,
45,20210524,000988.SZ,19.9582,20.3173,19.9482,20.1876,20.018,0.16959999999999908,0.8472,53493.76,107798.36,0.5322,20.1836,66619.58,20.1098,66733.473,20.1926,77977.7495,20.3981,79872.203,20.8507,80184.8408,22.2216,131804.9154,,
46,20210521,000988.SZ,20.2774,20.417,19.9781,20.018,20.2474,-0.22939999999999827,-1.133,50001.47,100800.592,0.4975,20.1497,70494.868,20.0809,74058.504,20.234,80988.526,20.4343,79814.5947,20.8783,81170.3237,22.2773,133160.5885,,
47,20210520,000988.SZ,20.3971,20.6065,20.2275,20.2474,20.437,-0.1896000000000022,-0.9277,59475.13,121387.821,0.5917,20.1756,72644.044,20.054,78702.291,20.2754,82886.937,20.4722,80752.6253,20.9169,82522.0113,22.3315,134065.5747,,
48,20210519,000988.SZ,20.028,20.5068,19.8485,20.437,20.028,0.4090000000000025,2.0421,132956.09,270037.018,1.3228,20.1118,71594.68,20.0191,82381.598,20.3163,85411.236,20.5088,82193.017,20.9518,83588.829,22.3826,135413.4888,,
49,20210518,000988.SZ,20.028,20.1078,19.9183,20.028,20.018,0.00999999999999801,0.05,37171.45,74661.274,0.3698,20.0579,59614.578,19.9881,76930.543,20.3337,81183.599,20.5211,79695.2323,20.9824,83542.1032,22.4294,136428.2067,,
50,20210517,000988.SZ,20.1477,20.2474,19.8984,20.018,20.1477,-0.1296999999999997,-0.6437,72870.2,146623.5,0.725,20.036,66847.366,20.025,79709.88,20.3607,81535.342,20.5444,81289.1467,21.0098,84951.5763,22.4834,138045.5207,,
51,20210514,000988.SZ,19.9981,20.1976,19.8585,20.1477,19.9283,0.21940000000000026,1.1009,60747.35,122213.646,0.6044,20.0121,77622.14,20.054,81031.194,20.3891,80546.468,20.5872,80499.662,21.0296,85160.9643,22.5348,139973.4536,,
52,20210513,000988.SZ,20.038,20.1677,19.8784,19.9283,20.1677,-0.23939999999999984,-1.187,54228.31,108815.167,0.5395,19.9323,84760.538,20.052,84892.662,20.4205,80437.86,20.6255,80342.741,21.0445,85667.1773,22.5851,141707.5768,,
53,20210512,000988.SZ,20.2075,20.2075,19.9582,20.1677,19.9183,0.2494000000000014,1.2521,73055.58,146881.397,0.7269,19.9263,93168.516,20.1198,87066.83,20.4589,82688.584,20.6797,80254.7653,21.0618,87595.1185,22.6331,142965.459,,
54,20210511,000988.SZ,19.8485,20.018,19.7886,19.9183,19.8984,0.019899999999999807,0.1,73335.39,146201.672,0.7297,19.9183,94246.508,20.1727,88138.796,20.4853,86983.9225,20.7222,79465.8523,21.0898,93024.9245,22.6765,144803.5035,,
55,20210510,000988.SZ,19.7787,20.3472,19.5692,19.8984,19.7487,0.14969999999999928,0.758,126744.07,254219.386,1.261,20.0141,92572.394,20.2754,89222.026,20.5422,86441.568,20.7704,79744.5147,21.1189,94601.7022,22.7235,146909.5579,,
56,20210507,000988.SZ,19.9881,20.048,19.6989,19.7487,19.8984,-0.14969999999999928,-0.7523,96439.34,192220.131,0.9595,20.0959,84440.248,20.3871,87918.548,20.611,82692.64,20.8136,76735.121,21.1696,93640.9025,22.7725,149769.0892,,
57,20210506,000988.SZ,20.1477,20.2873,19.8485,19.8984,20.1278,-0.22940000000000182,-1.1397,96268.2,193348.418,0.9578,20.1717,85024.786,20.4968,87071.583,20.6813,81777.7925,20.8635,75262.9543,21.2208,93036.419,22.813,150884.5237,,
58,20210430,000988.SZ,20.4769,20.4769,20.1178,20.1278,20.3971,-0.26929999999999765,-1.3203,78445.54,159159.618,0.7805,20.3133,80965.144,20.6135,88440.874,20.7536,82098.7265,20.9061,74285.9397,21.268,93449.3595,22.8524,151958.4065,,
59,20210429,000988.SZ,20.2474,20.5068,20.1876,20.3971,20.3073,0.08979999999999677,0.4422,64964.82,132747.716,0.6464,20.427,82031.084,20.6793,85436.655,20.7876,81077.577,20.9506,75947.9447,21.3042,95902.477,22.8881,152848.8412,,
60,20210428,000988.SZ,20.3472,20.3871,20.0081,20.3073,20.1278,0.17950000000000088,0.8918,86083.34,174387.223,0.8565,20.5367,85871.658,20.6963,83360.804,20.804,82078.78,20.9583,75019.856,21.3516,96713.699,22.9193,153723.9497,,
61,20210427,000988.SZ,20.5267,20.6763,20.0978,20.1278,20.6065,-0.4786999999999999,-2.3231,99362.03,201722.832,0.9886,20.6783,91396.848,20.7242,80061.742,20.8539,80233.896,20.9656,73425.2537,21.4021,97306.0695,22.9455,154041.9176,,
62,20210426,000988.SZ,20.8459,20.9157,20.5666,20.6065,20.6963,-0.08980000000000032,-0.4339,75969.99,157848.986,0.7559,20.822,89118.38,20.789,75983.058,20.9122,78067.7805,20.9766,73273.0563,21.454,99886.0788,22.9713,154972.3567,,
63,20210423,000988.SZ,21.0254,21.0254,20.5566,20.6963,20.9456,-0.24929999999999808,-1.1902,83775.24,173721.967,0.8335,20.9137,95916.604,20.798,78310.338,20.9596,76848.733,20.9842,73444.8177,21.516,102223.0457,23.0013,155309.3402,,
64,20210422,000988.SZ,21.175,21.175,20.8858,20.9456,21.0155,-0.06990000000000052,-0.3326,84167.69,177310.052,0.8374,20.9317,88842.226,20.798,85829.049,20.997,75129.3805,21.0038,73045.1537,21.585,104212.0435,23.0293,155740.7116,,
65,20210421,000988.SZ,20.8559,21.5241,20.796,21.0155,20.8459,0.16959999999999908,0.8136,113709.29,241019.664,1.1314,20.8559,80849.95,20.809,83661.11,21.0179,75005.759,21.0105,72346.9523,21.6545,105932.1348,23.0528,155768.2652,,
66,20210420,000988.SZ,21.0454,21.195,20.8459,20.8459,21.0653,-0.21940000000000026,-1.0415,87969.69,184796.006,0.8753,20.7701,68726.636,20.8349,77466.732,21.0269,71143.4075,21.0281,72432.5553,21.7274,108075.1238,23.0747,155820.3242,,
67,20210419,000988.SZ,20.8259,21.1152,20.7561,21.0653,20.786,0.2792999999999992,1.3437,109961.11,231181.833,1.0941,20.7561,62847.736,20.8658,76484.002,21.0469,69358.64,21.0706,73331.477,21.8008,110523.0407,23.0987,156146.4939,,
68,20210416,000988.SZ,20.5666,20.796,20.5666,20.786,20.5666,0.21940000000000026,1.0668,48403.35,100500.451,0.4816,20.6823,60704.072,20.8938,75756.579,21.0524,67208.4725,21.1082,73138.725,21.8648,112512.4087,23.1226,156548.013,,
69,20210415,000988.SZ,20.5965,20.7462,20.3971,20.5666,20.5866,-0.019999999999999574,-0.0972,44206.31,90880.831,0.4398,20.6644,82815.872,20.8958,76718.499,21.0863,71203.5895,21.1474,75249.6443,21.9269,116855.8597,23.1522,158139.1556,,
70,20210414,000988.SZ,20.7362,20.8559,20.5068,20.5866,20.7761,-0.1894999999999989,-0.9121,53092.72,109966.072,0.5282,20.7621,86472.27,20.9117,80796.756,21.0893,70849.382,21.2056,80058.1563,21.9964,122186.9542,23.1888,159893.4593,,
71,20210413,000988.SZ,20.8259,20.9357,20.6763,20.7761,20.6963,0.07979999999999876,0.3856,58575.19,122108.049,0.5828,20.8998,86206.828,20.9835,80406.05,21.0863,70107.0095,21.2259,81168.1703,22.0516,123404.2153,23.222,163653.1098,,
72,20210412,000988.SZ,20.6664,21.2349,20.5267,20.6963,20.6963,0.0,0.0,99242.79,207837.96,0.9874,20.9756,90120.268,21.0354,80152.503,21.0703,71918.0555,21.2472,81861.9047,22.103,125763.5662,23.25,166494.6393,,
73,20210409,000988.SZ,21.2848,21.2848,20.2474,20.6963,21.0553,-0.3589999999999982,-1.705,158962.35,327235.138,1.5816,21.1052,90809.086,21.1212,75387.128,21.0773,71012.0575,21.2638,81132.112,22.1577,127802.033,23.2876,169655.9091,,
74,20210408,000988.SZ,21.205,21.3346,20.9955,21.0553,21.2748,-0.21950000000000003,-1.0317,62488.3,132394.231,0.6217,21.1272,70621.126,21.196,64429.712,21.1067,66653.206,21.2774,79521.1177,22.2022,128123.5623,23.3147,169342.9413,,
75,20210407,000988.SZ,21.1651,21.3446,21.0454,21.2748,21.1551,0.11969999999999814,0.5658,51765.51,109980.205,0.515,21.0613,75121.242,21.2269,66350.408,21.1112,66689.8735,21.3034,80497.4787,22.2451,129927.2797,23.3404,170271.5961,,
76,20210406,000988.SZ,21.5241,21.6139,21.0454,21.1551,21.3446,-0.1894999999999989,-0.8878,78142.39,166463.653,0.7775,21.0673,74605.272,21.2189,64820.083,21.1247,69915.467,21.3223,82526.0527,22.296,133142.8847,23.3642,171748.9597,,
77,20210402,000988.SZ,20.8359,21.5142,20.806,21.3446,20.806,0.5385999999999989,2.5887,102686.88,218127.561,1.0217,21.0952,70184.738,21.2279,62233.278,21.173,71755.2145,21.3616,84291.3973,22.3437,137057.5623,23.383,172325.993,,
78,20210401,000988.SZ,20.7462,21.1052,20.6464,20.806,20.7262,0.07980000000000231,0.385,58022.55,121257.952,0.5773,21.1371,59965.17,21.2109,58660.366,21.2154,71829.798,21.3948,84984.641,22.3734,137966.3757,23.3948,172216.5722,,
79,20210331,000988.SZ,21.3047,21.4044,20.7162,20.7262,21.3047,-0.5785000000000018,-2.7154,84988.88,178566.511,0.8456,21.2648,58238.298,21.2768,65688.68,21.2733,74515.217,21.4437,87388.974,22.4155,138683.213,23.4126,172502.7216,,
80,20210330,000988.SZ,21.3247,21.3945,21.1052,21.3047,21.2947,0.010000000000001563,0.047,49185.66,104989.654,0.4894,21.3925,57579.574,21.2668,60902.008,21.3526,79688.8565,21.4753,88614.006,22.459,139311.2813,23.429,172380.1581,,
81,20210329,000988.SZ,21.5441,21.6039,21.205,21.2947,21.5541,-0.2593999999999994,-1.2035,56039.72,119760.898,0.5576,21.3705,55034.894,21.189,59807.969,21.3471,81549.2305,21.4719,89822.2667,22.4958,141747.981,23.4427,172515.0704,,
82,20210326,000988.SZ,21.4543,21.6139,21.4443,21.5541,21.4443,0.1097999999999999,0.512,51589.04,111371.377,0.5133,21.3606,54281.818,21.1052,63683.608,21.3531,82716.6055,21.4636,90991.6137,22.5405,144844.2315,23.4555,172870.251,,
83,20210325,000988.SZ,21.175,21.5142,21.1451,21.4443,21.3645,0.07979999999999876,0.3735,49388.19,105676.712,0.4914,21.2847,57355.562,21.0334,66636.987,21.3351,84004.604,21.444,94935.4717,22.5736,147636.3272,23.4707,173117.6607,,
84,20210324,000988.SZ,21.195,21.7136,21.175,21.3645,21.195,0.16949999999999932,0.7997,81695.26,175434.133,0.8128,21.2887,73139.062,21.0175,68876.7,21.3182,87066.8205,21.4573,106583.9967,22.6035,149197.9085,23.4868,173899.4713,,
85,20210323,000988.SZ,21.2548,21.2848,21.0753,21.195,21.2449,-0.049900000000000944,-0.2349,36462.26,77379.157,0.3628,21.1411,64224.442,20.9955,67029.339,21.3416,87571.014,21.4673,109458.8897,22.6369,151292.5073,23.5073,174393.0658,,
86,20210322,000988.SZ,21.175,21.4743,21.1451,21.2449,21.175,0.06990000000000052,0.3301,52274.34,111484.339,0.5201,21.0075,64581.044,21.0304,75010.851,21.374,91379.0375,21.5255,110546.684,22.6733,153012.5875,23.5284,175168.7512,,
87,20210319,000988.SZ,21.2449,21.4044,20.9656,21.175,21.4643,-0.2893000000000008,-1.3478,66957.76,142057.492,0.6662,20.8499,73085.398,21.1182,81277.151,21.4284,95320.457,21.578,110809.8837,22.7074,154645.3988,23.548,175952.5717,,
88,20210318,000988.SZ,20.6963,22.0228,20.4968,21.4643,20.6265,0.8378000000000014,4.0618,128305.69,274467.779,1.2766,20.7821,75918.412,21.2199,84999.23,21.4867,98146.7785,21.6299,112612.7793,22.7556,157610.6477,23.5672,176464.069,,
89,20210317,000988.SZ,20.4769,20.6664,20.3572,20.6265,20.5267,0.09979999999999833,0.4862,37122.16,76488.526,0.3693,20.7462,64614.338,21.2698,83341.754,21.5271,98239.121,21.6578,115857.0093,22.7805,157100.17,23.5835,177273.5662,,
90,20210316,000988.SZ,20.417,20.6165,20.3472,20.5267,20.4569,0.06980000000000075,0.3412,38245.27,78610.528,0.3805,20.8499,69834.236,21.4384,98475.705,21.5795,102470.005,21.7449,118407.542,22.8261,159872.3653,23.6049,178300.2362,,
91,20210315,000988.SZ,20.8858,20.8958,20.028,20.4569,20.8359,-0.3789999999999978,-1.819,94796.11,193862.728,0.9432,21.0534,85440.658,21.5052,103290.492,21.6134,104829.4155,21.8387,121186.8853,22.8703,160855.4283,23.6229,178918.6501,,
92,20210312,000988.SZ,21.3346,21.3346,20.7462,20.8359,21.2848,-0.44890000000000185,-2.109,81122.83,170106.29,0.8071,21.3865,89468.904,21.6009,101749.603,21.6428,104645.6165,21.9314,126499.1013,22.9154,162973.714,23.641,179393.8763,,
93,20210311,000988.SZ,21.3346,21.4244,20.9456,21.2848,21.1451,0.13970000000000127,0.6607,71785.32,152570.573,0.7142,21.6578,94080.048,21.6368,101372.221,21.6493,109084.714,22.0478,131001.2737,22.9651,163800.3163,23.6546,179982.6757,,
94,20210310,000988.SZ,21.5441,21.6937,21.1252,21.1451,21.5441,-0.3990000000000009,-1.852,63221.65,135220.863,0.629,21.7934,102069.17,21.6189,105256.941,21.6772,125437.645,22.1661,135378.9333,23.0093,165804.3872,23.6709,180737.4592,,
95,20210309,000988.SZ,22.1226,22.2323,21.2548,21.5441,22.1226,-0.5784999999999982,-2.615,116277.38,251875.969,1.1569,22.0268,127117.174,21.6877,108112.689,21.7032,130673.665,22.2985,139517.3173,23.0636,166431.3767,23.6876,181765.5461,,
96,20210308,000988.SZ,22.362,22.4717,22.0528,22.1226,22.1924,-0.06980000000000075,-0.3145,114937.34,256895.789,1.1436,21.957,121140.326,21.7176,107747.224,21.773,128314.6005,22.4268,143717.6923,23.1125,166179.9905,23.704,182102.5608,,
97,20210305,000988.SZ,22.0328,22.4717,21.943,22.1924,21.963,0.22939999999999827,1.0445,104178.55,231728.751,1.0365,21.8154,114030.302,21.7386,109363.763,21.8079,125576.25,22.5309,147714.6043,23.1557,166074.2398,23.7169,182302.6032,,
98,20210304,000988.SZ,22.0927,22.362,21.8633,21.963,22.3121,-0.34909999999999997,-1.5646,111730.93,246807.127,1.1117,21.6159,108664.394,21.7535,111294.327,21.8348,126419.554,22.6213,151886.0923,23.1953,166121.477,23.7321,183068.0769,,
99,20210303,000988.SZ,21.195,22.4118,21.0553,22.3121,21.195,1.1171000000000006,5.2706,188461.67,413394.376,1.8751,21.4443,108444.712,21.7844,113136.488,21.8518,132114.637,22.7064,158462.075,23.2405,166720.404,23.7514,183466.2851,,
100,20210302,000988.SZ,21.4044,21.4344,20.9955,21.195,21.4144,-0.21940000000000026,-1.0245,86393.14,183379.99,0.8596,21.3486,89108.204,21.7206,106464.305,21.8982,128373.4605,22.7872,164315.752,23.2819,165573.8717,23.7678,184852.7186,,
101,20210301,000988.SZ,21.205,21.594,21.1351,21.4144,21.195,0.21940000000000026,1.0351,79387.22,169621.254,0.7899,21.4782,94354.122,21.7216,106368.339,22.0054,130135.082,22.8773,165640.2603,23.3386,167020.4622,23.7893,185570.5087,,
102,20210226,000988.SZ,20.7063,21.3845,20.5766,21.195,21.1052,0.08980000000000032,0.4255,77349.01,164020.74,0.7696,21.6618,104697.224,21.6847,107541.63,22.0967,138873.8505,22.9587,169665.2277,23.3943,168088.6308,23.8058,186188.6628,,
103,20210225,000988.SZ,21.943,21.943,21.0952,21.1052,21.8333,-0.7281000000000013,-3.3348,110632.52,237477.961,1.1007,21.8912,113924.26,21.6618,116797.207,22.2532,145815.8,23.0515,174471.954,23.4558,170231.4947,23.8259,187839.0755,,
104,20210224,000988.SZ,21.9331,22.1226,21.584,21.8333,21.8433,-0.00999999999999801,-0.0458,91779.13,201489.903,0.9132,22.1246,117828.264,21.7356,145618.349,22.4398,150439.9295,23.127,176726.007,23.5296,173373.86,23.8485,189658.4701,,
105,20210223,000988.SZ,22.2223,22.3919,21.6538,21.8433,22.332,-0.48870000000000147,-2.1883,112622.73,247445.11,1.1205,22.0926,123820.406,21.7186,153234.641,22.6038,155219.6315,23.1868,179357.0807,23.5924,183424.99,23.858,190473.9908,,
106,20210222,000988.SZ,22.342,22.5116,22.1824,22.332,22.342,-0.00999999999999801,-0.0448,131102.73,293909.475,1.3044,21.965,118382.556,21.8284,148881.977,22.7814,161702.9265,23.2696,183759.7167,23.6762,185150.8533,23.864,190707.4252,,
107,20210219,000988.SZ,22.2423,22.3819,21.8633,22.342,22.2722,0.0697999999999972,0.3134,123484.19,274409.405,1.2286,21.7077,110386.036,21.8772,141788.737,22.927,166890.025,23.3258,189823.7273,23.746,185609.138,23.8626,190814.2848,,
108,20210218,000988.SZ,22.0029,22.3221,21.7735,22.2722,21.6737,0.5985000000000014,2.7614,130152.54,288254.007,1.295,21.4324,119670.154,21.9161,141544.781,23.0552,172181.975,23.3521,190948.1103,23.8134,187238.1487,23.8634,192285.8575,,
109,20210210,000988.SZ,21.2249,21.8034,21.1551,21.6737,21.205,0.4687000000000019,2.2103,121739.84,262619.596,1.2113,21.3466,173408.434,21.9191,151092.786,23.1674,181124.8685,23.3873,189977.452,23.8764,189314.3102,23.871,193818.4498,,
110,20210209,000988.SZ,21.185,21.3945,20.9157,21.205,21.0454,0.15959999999999752,0.7584,85433.48,181271.745,0.85,21.3446,182648.876,22.0757,150282.616,23.3205,193241.4755,23.4428,190008.5567,23.957,191139.465,23.887,194870.0409,,
111,20210208,000988.SZ,21.0454,21.2149,20.7162,21.0454,20.9656,0.07980000000000231,0.3806,91120.13,191998.304,0.9066,21.6917,179381.398,22.2892,153901.825,23.4551,195276.221,23.5196,193673.6953,24.0401,194785.9428,23.9053,195413.2748,,
112,20210205,000988.SZ,21.5541,21.6239,20.5267,20.9656,21.8433,-0.8777000000000008,-4.0182,169904.78,357188.459,1.6905,22.0468,173191.438,22.5086,170206.071,23.5958,200727.0265,23.6174,198696.8493,24.1257,197747.9762,23.9235,195725.1083,,
113,20210204,000988.SZ,21.7436,22.1326,19.6091,21.8433,21.6638,0.17950000000000088,0.8286,398843.94,825353.61,3.9683,22.3999,163419.408,22.8447,174834.393,23.7464,203309.3275,23.7032,200337.1827,24.2043,198335.7995,23.9439,196053.657,,
114,20210203,000988.SZ,23.0901,23.0901,21.4144,21.6638,22.9405,-1.2767000000000017,-5.5653,167942.05,376106.598,1.6709,22.4916,128777.138,23.1439,155261.51,23.8227,192279.836,23.7497,191811.8203,24.2632,196582.0825,23.9586,194395.9073,,
115,20210202,000988.SZ,22.8407,22.9504,22.7011,22.9405,22.8208,0.1197000000000017,0.5245,69096.09,158146.613,0.6875,22.8068,117916.356,23.489,157204.622,23.9209,192418.3005,23.8066,193126.125,24.3282,199217.4137,23.9808,194999.5219,,
116,20210201,000988.SZ,22.721,23.0701,22.5614,22.8208,22.731,0.08979999999999677,0.3951,60170.33,137290.978,0.5987,22.8866,128422.252,23.7344,174523.876,23.9902,201198.5865,23.8212,195478.491,24.3754,205897.2758,23.9916,197130.9574,,
117,20210129,000988.SZ,22.4218,22.9405,22.3919,22.731,22.3021,0.4289000000000023,1.9231,121044.63,275813.107,1.2043,22.9704,167220.704,23.9768,191991.313,24.0501,213841.2225,23.8368,198480.914,24.4052,208732.6285,24.0002,198930.2983,,
118,20210128,000988.SZ,23.0402,23.12,22.1425,22.3021,23.2397,-0.9375999999999998,-4.0345,225632.59,509865.688,2.2449,23.2896,186249.378,24.1942,202819.169,24.07,215649.775,23.8814,202608.516,24.4369,210467.4535,24.0138,199794.136,,
119,20210127,000988.SZ,23.509,23.6586,23.1898,23.2397,23.3394,-0.09970000000000212,-0.4272,113638.14,266174.983,1.1306,23.7962,181745.882,24.4156,211156.951,24.1214,209419.785,23.9033,198343.3307,24.472,209795.2055,24.0285,199803.0619,,
120,20210126,000988.SZ,23.3893,23.519,23.1599,23.3394,23.2397,0.09970000000000212,0.429,121625.57,284532.78,1.2101,24.1713,196492.888,24.5652,236200.335,24.1264,209871.527,23.9073,201337.1887,24.4869,210734.2005,24.0372,201290.8902,,
121,20210125,000988.SZ,24.2271,24.2271,23.2197,23.2397,24.3269,-1.0871999999999993,-4.4691,254162.59,599708.138,2.5288,24.5822,220625.5,24.6211,236650.617,24.1349,213559.6305,23.902,200523.9713,24.4889,210777.7657,24.037,202045.5508,,
122,20210122,000988.SZ,24.7557,24.8655,23.9778,24.3269,24.8355,-0.5086000000000013,-2.0479,216188.0,527495.882,2.151,24.9832,216761.922,24.6829,231247.982,24.1718,212942.2385,23.8993,199448.3267,24.4886,210058.6347,24.0359,201180.6738,,
123,20210121,000988.SZ,25.1946,25.3143,24.5962,24.8355,25.1148,-0.2792999999999992,-1.1121,203115.11,506180.668,2.0209,25.0989,219388.96,24.648,231784.262,24.1324,213088.5775,23.8823,196599.359,24.4866,208395.6348,24.0286,201438.2768,,
124,20210120,000988.SZ,25.424,25.5138,24.7956,25.1148,25.3941,-0.27930000000000277,-1.0999,187373.17,471655.535,1.8643,25.035,240568.02,24.5014,229298.162,24.0526,210086.9755,23.8524,196229.841,24.4736,207269.3797,24.0148,201194.6691,,
125,20210119,000988.SZ,25.1647,25.813,25.035,25.3941,25.2445,0.14960000000000306,0.5926,242288.63,618261.785,2.4107,24.9592,275907.782,24.3528,227631.979,23.9653,211086.8765,23.8288,193345.436,24.4512,205604.3955,23.9919,201057.8482,,
126,20210118,000988.SZ,24.8256,25.3442,24.656,25.2445,24.9054,0.3390999999999984,1.3616,234844.7,590452.037,2.3366,24.66,252675.734,24.2461,227873.297,23.8646,205955.7985,23.7982,188642.2887,24.4219,203565.5245,23.9648,201690.1478,,
127,20210115,000988.SZ,24.676,24.9652,24.3169,24.9054,24.5164,0.38899999999999935,1.5867,229323.19,567238.444,2.2817,24.3827,245734.042,24.1234,235691.132,23.7668,201725.7145,23.7806,184433.8753,24.3967,201769.9472,23.9493,201986.6447,,
128,20210114,000988.SZ,24.6959,25.1547,24.4565,24.5164,24.7358,-0.21940000000000026,-0.887,309010.41,769370.574,3.0745,24.1972,244179.564,23.9459,228480.381,23.7249,202503.1895,23.7693,180356.8617,24.3804,200583.6173,23.9364,202375.8083,,
129,20210113,000988.SZ,23.9179,25.0649,23.7184,24.7358,23.898,0.8378000000000014,3.5057,364071.98,895467.63,3.6223,23.9678,218028.304,23.8272,207682.619,23.6471,191936.5205,23.7746,174978.733,24.3776,199422.4515,23.928,201902.9003,,
130,20210112,000988.SZ,23.7085,24.0376,23.6386,23.898,23.8581,0.03989999999999938,0.1672,126128.39,300935.211,1.2549,23.7464,179356.176,23.6875,183542.719,23.5783,183905.6155,23.7766,166831.9913,24.3812,197599.9645,23.9149,201290.831,,
131,20210111,000988.SZ,24.1772,24.6361,23.7284,23.8581,23.9778,-0.11969999999999814,-0.4992,200136.24,486264.971,1.9913,23.8322,203070.86,23.6486,190468.644,23.5424,182460.6485,23.7999,168400.664,24.3924,203902.0043,23.905,202715.9292,,
132,20210108,000988.SZ,23.3594,24.287,23.3594,23.9778,23.3693,0.6084999999999994,2.6038,221550.8,531879.011,2.2043,23.8641,225648.222,23.6606,194636.495,23.5075,183548.499,23.8298,166512.034,24.397,207225.7123,23.8964,204847.9553,,
133,20210107,000988.SZ,23.6287,23.6386,23.0103,23.3693,23.6287,-0.2593999999999994,-1.0978,178254.11,416476.566,1.7735,23.6945,212781.198,23.6167,194392.893,23.4995,179006.9075,23.8601,165991.0353,24.4176,211509.7852,23.9011,206630.4912,,
134,20210106,000988.SZ,24.4864,24.4864,23.5987,23.6287,24.3269,-0.6981999999999999,-2.8701,170711.34,409131.953,1.6985,23.6865,197336.934,23.6037,190875.789,23.5279,179695.6805,23.9322,170021.713,24.4271,210562.3203,23.9204,209692.583,,
135,20210105,000988.SZ,24.1174,24.5363,23.8381,24.3269,24.0177,0.30919999999999703,1.2874,244701.81,593367.728,2.4347,23.6287,187729.262,23.5778,194541.774,23.5668,176202.1645,23.998,187492.8993,24.4357,210615.9125,23.9434,214502.1123,,
136,20210104,000988.SZ,23.2098,24.2072,23.0003,24.0177,23.13,0.8877000000000024,3.8379,313023.05,744043.985,3.1144,23.4651,177866.428,23.483,184038.3,23.5743,169026.7845,24.0828,186541.99,24.4324,210355.0347,23.9553,219969.8342,,
137,20201231,000988.SZ,23.3993,23.4791,23.0701,23.13,23.3294,-0.1994000000000007,-0.8547,157215.68,366023.513,1.5642,23.4571,163624.768,23.4102,167760.297,23.6092,158805.247,24.1663,181394.5487,24.4223,207594.4237,23.9805,227434.0341,,
138,20201230,000988.SZ,23.2497,23.5389,23.1399,23.3294,23.3394,-0.010000000000001563,-0.0428,101032.79,236514.146,1.0052,23.5389,176004.588,23.504,176525.998,23.681,156295.102,24.2747,183528.187,24.4161,206466.7687,24.0074,235650.2729,,
139,20201229,000988.SZ,23.5289,23.7583,23.2497,23.3394,23.509,-0.16959999999999908,-0.7214,122672.98,288881.886,1.2205,23.521,184414.644,23.4671,176190.422,23.7484,158626.79,24.3654,188651.1683,24.4098,206322.2302,24.0126,244158.8029,,
140,20201228,000988.SZ,23.9379,23.9478,23.2197,23.509,23.9778,-0.4687999999999981,-1.9551,195387.64,461500.976,1.944,23.5269,201354.286,23.4691,184268.512,23.8212,158476.6275,24.4712,192270.3733,24.399,205449.0348,24.0171,250321.9372,,
141,20201225,000988.SZ,23.519,24.2471,23.2197,23.9778,23.5389,0.43889999999999674,1.8646,241814.75,578684.49,2.4059,23.501,190210.172,23.4362,174452.653,23.8755,157366.674,24.5606,195898.1903,24.3897,203282.1598,,,,
142,20201224,000988.SZ,23.3594,24.0376,23.0901,23.5389,23.2397,0.2992000000000026,1.2875,219114.78,517251.68,2.1801,23.3633,171895.826,23.3544,172460.503,23.9144,152449.8035,24.6341,196799.103,24.3706,200896.2705,,,,
143,20201223,000988.SZ,23.2796,23.3893,22.9405,23.2397,23.3693,-0.12959999999999994,-0.5546,143083.07,331972.116,1.4236,23.4691,177047.408,23.3823,163620.922,23.9818,151790.1065,24.7055,196334.4163,24.3677,198598.9943,,,,
144,20201222,000988.SZ,23.3693,23.9678,22.8806,23.3693,23.3793,-0.010000000000001563,-0.0428,207371.19,485993.536,2.0632,23.4132,167966.2,23.4521,168515.572,24.0964,159594.675,24.7767,201352.3447,24.3701,198601.0342,,,,
145,20201221,000988.SZ,23.2696,23.489,23.0402,23.3793,23.2895,0.08980000000000032,0.3856,139667.07,325730.198,1.3896,23.4112,167182.738,23.5559,157862.555,24.2082,183968.462,24.8498,205308.7023,24.3777,197493.6243,,,,
146,20201218,000988.SZ,24.0675,24.287,23.2397,23.2895,24.0675,-0.7779999999999987,-3.2326,150243.02,355072.972,1.4948,23.3713,158695.134,23.6656,154015.269,24.3827,187793.835,24.9296,216316.0607,24.3835,197324.9148,,,,
147,20201217,000988.SZ,22.8806,24.1872,22.5116,24.0675,22.9604,1.107099999999999,4.8218,244872.69,578043.179,2.4364,23.3454,173025.18,23.8082,149850.197,24.5443,188211.6745,24.9735,218984.343,24.3887,197259.7445,,,,
148,20201216,000988.SZ,23.3195,23.3594,22.9205,22.9604,23.3594,-0.3990000000000009,-1.7081,97677.03,225825.945,0.9718,23.2955,150194.436,23.8581,136064.206,24.66,187029.2815,24.9925,218326.391,24.3789,195317.4903,,,,
149,20201215,000988.SZ,23.489,24.4366,23.3195,23.3594,23.1798,0.17960000000000065,0.7748,203453.88,485384.852,2.0243,23.491,169064.944,24.0296,141063.158,24.8146,194881.5415,25.0407,221247.0803,24.3864,197446.9623,,,,
150,20201214,000988.SZ,23.2297,23.3693,22.9804,23.1798,23.1599,0.019899999999999807,0.0859,97229.05,225655.041,0.9674,23.7005,148542.372,24.1733,132684.743,24.9722,196271.304,25.0666,220131.2123,24.3837,196728.107,,,,
151,20201211,000988.SZ,23.8581,23.868,22.8208,23.1599,23.8182,-0.6583000000000006,-2.7639,221893.25,517445.955,2.2077,23.9598,149335.404,24.3149,140280.695,25.1228,206620.959,25.0759,221031.56,24.3756,196981.8718,,,,
152,20201210,000988.SZ,23.8282,24.1373,23.519,23.8182,23.9379,-0.11969999999999814,-0.5,130718.97,311671.833,1.3006,24.271,126675.214,24.4745,132439.104,25.2739,208968.403,25.0779,220668.9427,24.3666,195814.0385,,,,
153,20201209,000988.SZ,24.4864,24.5762,23.7484,23.9379,24.4067,-0.46880000000000166,-1.9208,192029.57,463688.566,1.9106,24.4206,121933.976,24.5812,139959.291,25.3672,212691.1635,25.0909,220191.9107,24.3441,196165.035,,,,
154,20201208,000988.SZ,24.4864,24.6261,24.3767,24.4067,24.4765,-0.06980000000000075,-0.2852,100841.02,247446.135,1.0033,24.5682,113061.372,24.7408,150673.778,25.439,217770.731,25.0949,218308.9183,24.3325,195670.5312,,,,
155,20201207,000988.SZ,24.7358,24.8655,24.4565,24.4765,24.7158,-0.23930000000000007,-0.9682,101194.21,249535.194,1.0068,24.646,116827.114,24.8605,210074.369,25.4968,229031.776,25.0736,217863.355,24.3116,197099.7155,,,,
156,20201204,000988.SZ,24.4964,24.7956,24.3967,24.7158,24.5662,0.14960000000000306,0.609,108592.3,268048.555,1.0804,24.67,131225.986,25.0998,221572.401,25.5616,247466.4565,25.0457,218488.7603,24.2954,198025.131,,,,
157,20201203,000988.SZ,24.7059,24.8056,24.3568,24.5662,24.676,-0.1097999999999999,-0.445,107012.78,263626.72,1.0647,24.6779,138202.994,25.2804,226573.152,25.5562,253551.416,25.0127,219106.019,24.2781,198530.9665,,,,
158,20201202,000988.SZ,24.9353,25.0051,24.6061,24.676,24.7956,-0.11960000000000193,-0.4823,147666.55,366345.775,1.4692,24.7418,157984.606,25.4619,237994.357,25.5596,259457.4835,24.9915,220810.373,24.2688,200014.6768,,,,
159,20201201,000988.SZ,24.5662,24.9652,24.4964,24.7956,24.5962,0.1994000000000007,0.8107,119669.73,297222.588,1.1907,24.9133,188286.184,25.5996,248699.925,25.5462,261339.0415,24.9805,223866.17,24.2622,200212.1662,,,,
160,20201130,000988.SZ,24.8256,25.1846,24.5862,24.5962,24.7557,-0.1595000000000013,-0.6443,173188.57,431687.605,1.7231,25.0749,303321.624,25.7711,259857.865,25.5133,263854.447,24.9858,228367.9377,24.2537,204131.5655,,,,
161,20201127,000988.SZ,24.9353,25.1846,24.3767,24.7557,24.8854,-0.1296999999999997,-0.5212,143477.34,355864.963,1.4275,25.5297,311918.816,25.9307,272961.223,25.4564,261406.9925,24.9848,239403.3447,24.2399,204120.5553,,,,
162,20201126,000988.SZ,25.3442,25.4938,24.7258,24.8854,25.5337,-0.648299999999999,-2.539,205920.84,516565.32,2.0488,25.8828,314943.31,26.0733,285497.702,25.3796,264783.862,24.9642,247939.3907,24.2173,204288.6948,,,,
163,20201125,000988.SZ,25.434,26.3117,25.3342,25.5337,25.6035,-0.06980000000000075,-0.2726,299174.44,773959.16,2.9766,26.182,318004.108,26.1531,285423.036,25.3457,260308.2205,24.9752,257028.535,24.196,205446.6563,,,,
164,20201124,000988.SZ,26.0225,26.0324,24.1872,25.6035,26.8703,-1.2668,-4.7145,694846.93,1738313.04,6.9134,26.2858,309113.666,26.1371,284867.684,25.2719,252126.4885,24.922,251102.9277,24.1674,205943.0802,,,,
165,20201123,000988.SZ,26.3915,26.97,26.0524,26.8703,26.5212,0.34909999999999997,1.3163,216174.53,576731.052,2.1508,26.4673,216394.106,26.1332,247989.183,25.1801,221757.848,24.8734,233738.9257,24.1235,197522.9917,,,,
166,20201120,000988.SZ,26.3616,26.7206,26.202,26.5212,26.3815,0.13970000000000127,0.5295,158599.81,421914.458,1.578,26.3317,234003.63,26.0234,273360.512,25.0186,216946.94,24.782,234168.0793,24.0517,196263.9972,,,,
167,20201119,000988.SZ,26.0424,26.6209,25.8629,26.3815,26.0524,0.3291000000000004,1.2632,221224.83,584984.687,2.2011,26.2638,256052.094,25.8319,280529.68,24.8789,215372.4525,24.6783,233794.2987,23.9791,196019.4317,,,,
168,20201118,000988.SZ,26.5511,26.6807,26.0524,26.0524,26.5112,-0.4588000000000001,-1.7306,254722.23,673351.678,2.5344,26.1242,252841.964,25.6574,280920.61,24.7562,212218.381,24.5576,229405.3503,23.9134,197333.5663,,,,
169,20201117,000988.SZ,26.182,26.7805,26.0524,26.5112,26.192,0.3191999999999986,1.2187,231249.13,612934.792,2.3008,25.9885,260621.702,25.4928,273978.158,24.671,211449.2925,24.4542,223993.292,23.8655,198322.5895,,,,
170,20201116,000988.SZ,26.3117,26.8703,25.9327,26.192,26.182,0.010000000000001563,0.0382,304222.15,803694.022,3.0269,25.799,279584.26,25.2554,267851.029,24.5932,212622.974,24.3268,218627.6963,23.817,198600.6168,,,,
171,20201113,000988.SZ,25.6434,26.2718,25.5537,26.182,25.6833,0.4986999999999995,1.9417,268842.13,701335.084,2.6748,25.7152,312717.394,24.9821,249852.762,24.5119,222624.4055,24.2188,210666.1293,23.7705,196040.6067,,,,
172,20201112,000988.SZ,25.5636,26.0125,25.3143,25.6833,25.3741,0.3092000000000006,1.2186,205174.18,528826.105,2.0414,25.4,305007.266,24.6859,244070.022,24.4096,229160.235,24.1071,204993.438,23.7213,193702.2405,,,,
173,20201111,000988.SZ,25.4639,26.1322,25.2544,25.3741,25.5636,-0.18950000000000244,-0.7413,293620.92,755040.954,2.9214,25.1906,308999.256,24.5383,235193.405,24.3862,242831.2845,24.0299,200863.5723,23.6835,193771.5145,,,,
174,20201110,000988.SZ,25.7133,25.9526,25.2544,25.5636,25.7731,-0.20949999999999847,-0.8129,326061.92,836297.767,3.2442,24.9971,287334.614,24.4066,219385.293,24.3144,234220.5495,23.9635,195849.7237,23.6539,192209.732,,,,
175,20201109,000988.SZ,24.8256,25.8629,24.646,25.7731,24.6061,1.166999999999998,4.7427,469887.82,1196797.781,4.6751,24.7119,256117.798,24.2271,195526.513,24.2436,226613.797,23.9056,189678.5463,23.6335,190781.6302,,,,
176,20201106,000988.SZ,24.656,25.025,24.4166,24.6061,24.6361,-0.029999999999997584,-0.1218,230291.49,569979.648,2.2913,24.2491,186988.13,24.0137,160533.368,24.1613,214571.863,23.8375,178333.769,23.6077,188364.639,,,,
177,20201105,000988.SZ,24.6261,24.8256,24.287,24.6361,24.4067,0.22939999999999827,0.9399,225134.13,554722.357,2.24,23.9718,183132.778,23.9259,150215.225,24.1014,210426.608,23.8039,175535.146,23.5953,189127.9682,,,,
178,20201104,000988.SZ,24.1972,24.5962,23.9778,24.4067,24.1373,0.26940000000000097,1.1161,185297.71,452334.147,1.8436,23.886,161387.554,23.8551,143516.152,24.0077,203647.7205,23.7653,172308.5897,23.5908,189120.8185,,,,
179,20201103,000988.SZ,23.4791,24.3269,23.3594,24.1373,23.4591,0.6782000000000004,2.891,169977.84,409188.804,1.6912,23.8162,151435.972,23.8491,148920.427,23.9349,199000.859,23.7321,173646.8443,23.5849,189810.9183,,,,
180,20201102,000988.SZ,23.2197,23.6386,22.9504,23.4591,23.2197,0.23939999999999984,1.031,124239.48,290297.008,1.2361,23.7424,134935.228,23.9309,157394.919,23.8626,194016.03,23.7008,173325.0017,23.5874,191847.5798,,,,
181,20201030,000988.SZ,24.0376,24.1772,23.1599,23.2197,24.2072,-0.9875000000000007,-4.0794,211014.73,500372.233,2.0995,23.7783,134078.606,24.0416,195396.049,23.8371,191072.813,23.6752,172932.1837,23.5851,193313.336,,,,
182,20201029,000988.SZ,23.7783,24.3169,23.7085,24.2072,24.0576,0.1495999999999995,0.6218,116408.01,281473.303,1.1582,23.88,117297.672,24.1334,214250.448,23.8177,185455.146,23.6553,170959.1343,23.5831,192302.7128,,,,
183,20201028,000988.SZ,23.7384,24.257,23.3693,24.0576,23.7683,0.2893000000000008,1.2172,135539.8,324589.344,1.3486,23.8242,125644.75,24.2341,250469.164,23.7758,183698.656,23.5974,172138.1593,23.5707,194480.9187,,,,
184,20201027,000988.SZ,23.4491,23.7683,23.4392,23.7683,23.6386,0.1296999999999997,0.5487,87474.12,207006.087,0.8703,23.882,146404.882,24.2221,249055.806,23.7419,184081.939,23.5701,173032.144,23.556,195119.9585,,,,
185,20201026,000988.SZ,23.5389,23.7982,23.3494,23.6386,23.7284,-0.08980000000000032,-0.3784,119956.37,283712.324,1.1935,24.1194,179854.61,24.26,257701.081,23.7449,186754.563,23.5495,176336.076,23.5326,196511.301,,,,
186,20201023,000988.SZ,23.888,24.1074,23.5987,23.7284,23.9279,-0.19950000000000045,-0.8338,127110.06,303316.46,1.2647,24.3049,256713.492,24.3089,268610.358,23.7493,187233.9695,23.5452,177561.5017,23.5076,199814.771,,,,
187,20201022,000988.SZ,23.9478,24.1174,23.5389,23.9279,24.3468,-0.4189000000000007,-1.7206,158143.4,377602.576,1.5734,24.3867,311203.224,24.277,270637.991,23.7429,188195.1065,23.5435,177955.914,23.5018,202203.3423,,,,
188,20201021,000988.SZ,25.0649,25.0749,24.0675,24.3468,24.9552,-0.6083999999999996,-2.438,239340.46,584927.205,2.3813,24.644,375293.578,24.1603,263779.289,23.7204,186704.8085,23.5462,179218.9807,23.4924,204167.9993,,,,
189,20201020,000988.SZ,24.2471,25.1747,24.2471,24.9552,24.5662,0.3890000000000029,1.5835,254722.76,635467.699,2.5344,24.5622,351706.73,24.0206,249081.291,23.6735,186010.053,23.5439,176558.1623,23.4784,204383.349,,,,
190,20201019,000988.SZ,25.025,25.5537,24.5263,24.5662,24.1373,0.4288999999999987,1.7769,504250.78,1260761.72,5.017,24.4007,335547.552,23.7942,230637.141,23.5858,181290.043,23.5216,179895.1933,23.4486,204981.6975,,,,
191,20201016,000988.SZ,25.3342,25.434,23.8082,24.1373,25.2146,-1.077300000000001,-4.2725,399558.72,975220.469,3.9754,24.3129,280507.224,23.6327,186749.577,23.492,161700.251,23.495,168837.766,23.4176,201529.8542,,,,
192,20201015,000988.SZ,24.0775,25.7432,23.9678,25.2146,23.9379,1.2767000000000017,5.3334,478595.17,1203186.099,4.7618,24.1673,230072.758,23.502,156659.844,23.4162,149313.4775,23.4704,160637.999,23.3958,202470.1983,,,,
193,20201014,000988.SZ,24.1274,24.1274,23.7883,23.9379,24.1473,-0.20940000000000225,-0.8672,121406.22,291598.092,1.2079,23.6765,152265.0,23.3175,116928.148,23.2791,132972.657,23.4169,153864.7777,23.3846,201751.1972,,,,
194,20201013,000988.SZ,24.1473,24.2969,23.9578,24.1473,24.1274,0.019899999999999807,0.0825,173926.87,420626.855,1.7305,23.479,146455.852,23.2616,119108.072,23.2442,135020.313,23.4129,160783.2327,23.4137,208822.8457,,,,
195,20201012,000988.SZ,23.6386,24.1772,23.4791,24.1274,23.4092,0.7182000000000031,3.068,229049.14,550134.54,2.2789,23.1878,125726.73,23.2297,115808.045,23.1943,135653.5735,23.3737,161307.0577,23.451,218388.3122,,,,
196,20201009,000988.SZ,23.0402,23.5489,22.9903,23.4092,22.7609,0.648299999999999,2.8483,147386.39,345386.202,1.4664,22.9524,92991.93,23.1898,105857.581,23.1634,132037.0735,23.3215,158359.915,23.4782,229584.6337,,,,
197,20200930,000988.SZ,23.0202,23.0402,22.6013,22.7609,22.9504,-0.1894999999999989,-0.8257,89556.38,204696.758,0.891,22.8367,83246.93,23.2087,105752.222,23.1768,131614.8755,23.2799,158244.5647,23.5387,247273.6445,,,,
198,20200929,000988.SZ,22.7509,23.13,22.7509,22.9504,22.6911,0.25929999999999964,1.1427,92360.48,212706.804,0.9189,22.9584,81591.296,23.2806,109630.328,23.2392,136938.8265,23.2693,165261.7823,23.5986,264833.7772,,,,
199,20200928,000988.SZ,22.9704,23.0502,22.6113,22.6911,22.9504,-0.25929999999999964,-1.1298,70281.26,160691.187,0.6993,23.0442,91760.292,23.3264,122938.815,23.3055,140296.598,23.2769,172651.887,23.6154,281995.3757,,,,
200,20200925,000988.SZ,22.9704,23.0103,22.6911,22.9504,22.8307,0.11969999999999814,0.5243,65375.14,149889.527,0.6504,23.2716,105889.36,23.3773,131942.945,23.3853,154524.2195,23.3072,178573.5373,23.6353,295194.8395,,,,
201,20200924,000988.SZ,23.1399,23.2696,22.7509,22.8307,23.3693,-0.5385999999999989,-2.3047,98661.39,226827.588,0.9816,23.4272,118723.232,23.3514,136650.925,23.4262,159881.8605,23.3221,181415.084,,,,,,
202,20200923,000988.SZ,23.4292,23.4491,23.0801,23.3693,23.3793,-0.010000000000001563,-0.0428,81278.21,189962.192,0.8087,23.5808,128257.514,23.3304,141967.111,23.4546,162627.0765,23.3354,182411.043,,,,,,
203,20200922,000988.SZ,23.6386,23.8182,23.1399,23.3793,23.8282,-0.4488999999999983,-1.8839,143205.46,336119.54,1.4248,23.6027,137669.36,23.2407,149017.166,23.4666,172333.0925,23.3371,186679.4567,,,,,,
204,20200921,000988.SZ,23.7484,24.0376,23.6885,23.8282,23.7284,0.09979999999999833,0.4206,140926.6,337000.405,1.4021,23.6087,154117.338,23.2267,150932.554,23.4885,181620.813,23.3444,188569.7403,,,,,,
205,20200918,000988.SZ,23.5987,23.8182,23.4791,23.7284,23.5987,0.1296999999999997,0.5496,129544.5,307394.714,1.2413,23.483,157996.53,23.1589,155499.102,23.4457,184056.564,23.3614,191884.714,,,,,,
206,20200917,000988.SZ,23.4392,23.8182,23.1898,23.5987,23.4791,0.11960000000000193,0.5094,146332.8,345257.775,1.4559,23.2756,154578.618,23.1369,158216.566,23.3873,184611.082,23.378,198395.509,,,,,,
207,20200916,000988.SZ,23.3494,23.6686,23.1699,23.4791,23.4092,0.06990000000000052,0.2986,128337.44,302046.884,1.2769,23.0801,155676.708,23.1449,157477.529,23.3155,184490.736,23.3866,202720.7903,,,,,,
208,20200915,000988.SZ,23.8182,24.2171,23.2796,23.4092,23.1998,0.2093999999999987,0.9026,225445.35,536426.82,2.2431,22.8786,160364.972,23.1978,164247.325,23.2636,193077.5095,23.4162,205933.0473,,,,,,
209,20200914,000988.SZ,22.8706,23.519,22.8108,23.1998,22.6911,0.508700000000001,2.2418,160322.56,373160.203,1.5951,22.8447,147747.77,23.2846,157654.381,23.2522,197508.423,23.4378,205974.9923,,,,,,
210,20200911,000988.SZ,22.342,22.8607,22.3221,22.6911,22.6213,0.0697999999999972,0.3086,112454.94,255227.253,1.1189,22.8347,153001.674,23.3933,177105.494,23.2721,201888.8335,23.4741,210370.158,,,,,,
211,20200910,000988.SZ,22.6412,22.8008,22.1525,22.6213,22.4717,0.14960000000000306,0.6657,151823.25,342855.439,1.5106,22.9983,161854.514,23.501,183112.796,23.3075,203797.1635,23.495,213694.4883,,,,,,
212,20200909,000988.SZ,23.12,23.12,22.4218,22.4717,23.2397,-0.7680000000000007,-3.3047,151778.76,345089.334,1.5101,23.2098,159278.35,23.5788,183287.042,23.3379,202633.009,23.511,213646.2913,,,,,,
213,20200908,000988.SZ,23.3394,23.3594,22.8507,23.2397,23.1499,0.08980000000000032,0.3879,162359.34,376917.333,1.6154,23.517,168129.678,23.6925,195649.019,23.3853,205510.602,23.5439,216823.678,,,,,,
214,20200907,000988.SZ,23.6187,24.0875,23.1399,23.1499,23.509,-0.35910000000000153,-1.5275,186592.08,443375.092,1.8565,23.7244,167560.992,23.7504,212309.072,23.4033,207388.3335,23.5419,217207.773,,,,,,
215,20200904,000988.SZ,23.2397,23.6486,22.9804,23.509,23.6785,-0.16949999999999932,-0.7158,156719.14,366436.281,1.5593,23.9518,201209.314,23.7324,212614.026,23.4626,210077.52,23.5156,216686.526,,,,,,
216,20200903,000988.SZ,23.9279,24.0077,23.5389,23.6785,24.0077,-0.32920000000000016,-1.3712,138942.43,331244.215,1.3824,24.0037,204371.078,23.6377,211005.598,23.4985,218484.9805,23.4701,222068.0403,,,,,,
217,20200902,000988.SZ,24.3568,24.3668,23.6985,24.0077,24.277,-0.2693000000000012,-1.1093,196035.4,471426.387,1.9505,23.9479,207295.734,23.486,211503.943,23.5075,225342.421,23.4601,226450.7707,,,,,,
218,20200901,000988.SZ,24.1872,24.3867,24.0376,24.277,24.287,-0.00999999999999801,-0.0412,159515.91,387279.434,1.5871,23.8681,223168.36,23.3295,221907.694,23.5254,226775.9085,23.4385,229117.018,,,,,,
219,20200831,000988.SZ,23.7683,24.5164,23.6586,24.287,23.7683,0.518699999999999,2.1823,354833.69,862240.266,3.5304,23.7763,257057.152,23.2197,237362.465,23.5145,230135.298,23.4129,232208.5357,,,,,,
220,20200828,000988.SZ,23.3494,23.7683,23.1,23.7683,23.3993,0.3689999999999998,1.577,172527.96,407126.081,1.7166,23.513,224018.738,23.1509,226672.173,23.5145,227002.49,23.3757,230068.2017,,,,,,
221,20200827,000988.SZ,23.6486,23.8182,23.0901,23.3993,23.6087,-0.2093999999999987,-0.887,153565.71,359942.706,1.5279,23.2716,217640.118,23.114,224481.531,23.492,228985.3345,23.3401,234221.9423,,,,,,
222,20200826,000988.SZ,24.0376,24.3169,23.3394,23.6087,23.8182,-0.20950000000000202,-0.8796,275398.53,657187.875,2.7401,23.0242,215712.152,23.0971,221978.976,23.4771,228825.916,23.3211,244302.3977,,,,,,
223,20200825,000988.SZ,23.1399,23.9578,22.9405,23.8182,22.9704,0.8477999999999994,3.6908,328959.87,779455.286,3.2727,22.7909,220647.028,23.0781,215372.185,23.4696,227411.0075,23.3524,249637.6167,,,,,,
224,20200824,000988.SZ,22.5614,23.1998,22.4019,22.9704,22.5614,0.4090000000000025,1.8128,189641.62,435225.748,1.8866,22.6632,217667.778,23.0561,202467.595,23.4377,219657.1235,23.4146,256862.4587,,,,,,
225,20200821,000988.SZ,22.342,22.7011,22.2423,22.5614,22.1625,0.3988999999999976,1.7999,140634.86,317277.189,1.3991,22.7888,229325.608,23.1928,207541.014,23.4072,218722.776,23.5283,275469.5667,,,,,,
226,20200820,000988.SZ,22.2722,22.5714,22.0927,22.1625,22.4418,-0.2792999999999992,-1.2446,143925.88,321530.081,1.4318,22.9564,231322.944,23.3594,225964.363,23.3863,227599.2615,23.635,300809.3523,,,,,,
227,20200819,000988.SZ,23.2497,23.2497,22.2722,22.4418,23.1798,-0.7379999999999995,-3.1838,300072.91,683174.577,2.9853,23.1699,228245.8,23.5289,239180.899,23.4471,233924.1845,23.7976,336302.7243,,,,,,
228,20200818,000988.SZ,23.6686,23.7384,22.8208,23.1798,23.5987,-0.4189000000000007,-1.7751,314063.62,728217.766,3.1245,23.3653,210097.342,23.7214,231644.123,23.493,232721.68,23.928,364405.772,,,,,,
229,20200817,000988.SZ,23.3893,23.6985,23.1998,23.5987,23.3993,0.1994000000000007,0.8522,247930.77,584673.282,2.4665,23.4491,187267.412,23.8092,222908.131,23.5095,229631.571,23.9538,391338.8643,,,,,,
230,20200814,000988.SZ,23.2197,23.5788,23.0402,23.3993,23.2297,0.16959999999999908,0.7301,150621.54,352330.007,1.4985,23.5967,185756.42,23.878,227332.807,23.488,231766.216,23.9634,411816.1417,,,,,,
231,20200813,000988.SZ,23.4192,23.5289,23.1898,23.2297,23.4192,-0.1894999999999989,-0.8092,128540.16,300609.658,1.2788,23.7623,220605.782,23.87,233489.138,23.4531,239092.148,,,,,,,,
232,20200812,000988.SZ,23.7484,23.8282,22.7111,23.4192,23.5987,-0.17950000000000088,-0.7606,209330.62,486326.181,2.0825,23.888,250115.998,23.8571,235672.856,23.4332,255464.1085,,,,,,,,
233,20200811,000988.SZ,24.3368,24.3568,23.519,23.5987,24.3368,-0.7380999999999993,-3.0329,199913.97,479720.554,1.9888,24.0775,253190.904,23.8611,239449.83,23.4895,266770.3325,,,,,,,,
234,20200810,000988.SZ,24.3368,24.5762,23.8381,24.3368,24.2271,0.10970000000000013,0.4528,240375.81,584817.079,2.3914,24.1693,258548.85,23.8192,236846.652,23.5938,284059.8905,,,,,,,,
235,20200807,000988.SZ,23.7484,24.5263,23.499,24.2271,23.8581,0.3689999999999998,1.5466,324868.35,784378.176,3.232,24.1593,268909.194,23.6217,229904.538,23.696,309433.843,,,,,,,,
236,20200806,000988.SZ,24.3368,24.3668,23.6885,23.8581,24.3668,-0.508700000000001,-2.0877,276091.24,664058.88,2.7467,23.9778,246372.494,23.4132,229234.16,23.7728,338231.847,,,,,,,,
237,20200805,000988.SZ,24.4067,24.4067,23.898,24.3668,24.0576,0.3092000000000006,1.2852,224705.15,544524.079,2.2355,23.8262,221229.714,23.3654,228667.47,23.9319,384863.637,,,,,,,,
238,20200804,000988.SZ,24.4266,24.4266,23.868,24.0576,24.287,-0.22939999999999827,-0.9445,226703.7,548268.307,2.2554,23.6446,225708.756,23.2646,233799.237,24.0312,430786.5965,,,,,,,,
239,20200803,000988.SZ,23.4392,24.3668,23.4392,24.287,23.3195,0.9674999999999976,4.1489,292177.53,703174.868,2.9067,23.4691,215144.454,23.2098,236355.011,24.0261,475554.231,,,,,,,,
240,20200731,000988.SZ,23.11,23.8182,23.0402,23.3195,23.1,0.21950000000000003,0.9502,212184.85,498183.038,2.1109,23.0841,190899.882,23.0981,236199.625,24.006,504057.809,,,,,,,,
241,20200730,000988.SZ,23.4691,23.489,23.0701,23.1,23.4591,-0.359099999999998,-1.5307,150377.34,349861.454,1.496,22.8487,212095.826,23.0362,244695.158,,,,,,,,,,
242,20200729,000988.SZ,23.0302,23.489,22.9405,23.4591,23.1798,0.2792999999999992,1.2049,247100.36,576676.13,2.4583,22.9045,236105.226,23.0093,275255.361,,,,,,,,,,
243,20200728,000988.SZ,22.5415,23.2197,22.4816,23.1798,22.362,0.8178000000000019,3.6571,173882.19,399674.489,1.7299,22.8846,241889.718,23.118,294090.835,,,,,,,,,,
244,20200727,000988.SZ,22.2423,22.7111,22.1824,22.362,22.1425,0.21950000000000003,0.9913,170954.67,384567.378,1.7007,22.9504,257565.568,23.3683,331273.129,,,,,,,,,,
245,20200724,000988.SZ,23.4791,23.499,22.0827,22.1425,23.3793,-1.2368000000000023,-5.2901,318164.57,730104.506,3.1653,23.112,281499.368,23.7703,388963.148,,,,,,,,,,
246,20200723,000988.SZ,23.1699,23.509,22.4617,23.3793,23.3594,0.019899999999999807,0.0852,270424.34,624750.215,2.6903,23.2237,277294.49,24.1324,447229.534,,,,,,,,,,
247,20200722,000988.SZ,23.3195,24.0276,23.2297,23.3594,23.509,-0.1495999999999995,-0.6364,276022.82,651779.686,2.746,23.114,314405.496,24.4984,541059.804,,,,,,,,,,
248,20200721,000988.SZ,23.12,23.6187,23.0103,23.509,23.1699,0.33910000000000196,1.4635,252261.44,590946.459,2.5096,23.3514,346291.952,24.7978,627773.956,,,,,,,,,,
249,20200720,000988.SZ,22.9305,23.2796,22.5914,23.1699,22.7011,0.4687999999999981,2.0651,290623.67,671581.711,2.8913,23.7863,404980.69,24.8424,714753.451,,,,,,,,,,
250,20200717,000988.SZ,22.9006,23.1,22.2921,22.7011,22.8307,-0.12959999999999994,-0.5677,297140.18,678124.023,2.9561,24.4286,496426.928,24.914,771915.993,,,,,,,,,,
251,20200716,000988.SZ,24.5662,24.8954,22.4418,22.8307,24.5463,-1.7155999999999985,-6.9892,455979.37,1085789.415,4.5363,25.041,617164.578,,,,,,,,,,,,
252,20200715,000988.SZ,25.5836,25.7432,24.3668,24.5463,25.6833,-1.1370000000000005,-4.427,435455.1,1087929.998,4.3321,25.8829,767714.112,,,,,,,,,,,,
253,20200714,000988.SZ,26.182,26.2219,25.2345,25.6833,26.3815,-0.6981999999999999,-2.6466,545705.13,1406645.031,5.4289,26.2443,909255.96,,,,,,,,,,,,
254,20200713,000988.SZ,25.9925,26.4114,25.1846,26.3815,25.7631,0.6183999999999976,2.4003,747854.86,1943561.488,7.44,25.8986,1024526.212,,,,,,,,,,,,
255,20200710,000988.SZ,26.7306,26.7306,25.4938,25.7631,27.0398,-1.2766999999999982,-4.7216,900828.43,2350105.325,8.9619,25.3994,1047405.058,,,,,,,,,,,,
256,20200709,000988.SZ,26.3733,27.4183,25.9354,27.0401,26.3534,0.6866999999999983,2.6057,1208727.04,3241674.408,12.025,,,,,,,,,,,,,,
257,20200708,000988.SZ,23.8853,26.3534,23.4872,26.3534,23.955,2.3984000000000023,10.0121,1143164.34,2898545.585,11.3728,,,,,,,,,,,,,,
258,20200707,000988.SZ,23.8355,24.4128,23.1986,23.955,23.8853,0.06969999999999743,0.2918,1122056.39,2682349.512,11.1628,,,,,,,,,,,,,,
259,20200706,000988.SZ,24.3929,25.4378,23.7858,23.8853,24.3033,-0.41799999999999926,-1.7199,862249.09,2129214.758,8.5781,,,,,,,,,,,,,,
