,trade_date,ts_code,open,high,low,close,pre_close,change,pct_chg,vol,amount,turnover_rate,ma5,ma_v_5,ma10,ma_v_10,ma20,ma_v_20,ma30,ma_v_30,ma60,ma_v_60,ma120,ma_v_120,ma250,ma_v_250
0,20210727,002782.SZ,9.81,10.15,9.8,9.84,9.63,0.20999999999999908,2.1807,48103.34,48014.275,1.0262,9.92,35799.69,10.112,39612.359,10.5485,45765.122,10.7057,45074.0807,10.6062,39997.9797,11.9035,59182.1994,12.8085,61604.2292
1,20210726,002782.SZ,9.9,9.9,9.53,9.63,9.91,-0.27999999999999936,-2.8254,37397.5,36194.624,0.7978,9.978,30517.926,10.229,40666.102,10.624,45782.9885,10.7367,44428.3027,10.6144,39694.9867,11.9284,58999.0818,12.8225,61776.0516
2,20210723,002782.SZ,10.02,10.09,9.9,9.91,10.08,-0.16999999999999993,-1.6865,36438.27,36204.427,0.7774,10.086,26523.926,10.345,40608.102,10.704,45999.0135,10.7783,44176.3693,10.628,39841.4245,11.9547,59108.7637,12.8366,62217.5567
3,20210722,002782.SZ,10.18,10.19,10.03,10.08,10.14,-0.0600000000000005,-0.5917,33880.84,34088.06,0.7228,10.13,25996.93,10.432,40850.575,10.772,47004.1755,10.814,44170.9877,10.6418,39938.4145,11.9831,59231.6739,12.8541,62786.935
4,20210721,002782.SZ,10.13,10.23,10.1,10.14,10.13,0.009999999999999787,0.0987,23178.5,23519.122,0.4945,10.152,40366.816,10.48,40905.636,10.84,51171.031,10.8407,44353.4403,10.6562,39852.0852,12.0112,59430.5393,12.8709,63278.2144
5,20210720,002782.SZ,10.13,10.19,10.06,10.13,10.17,-0.03999999999999915,-0.3933,21694.52,21926.412,0.4628,10.304,43425.028,10.529,42933.055,10.879,51805.863,10.8613,44663.6527,10.6716,40114.792,12.0394,59796.9512,12.89,63721.0521
6,20210719,002782.SZ,10.23,10.23,10.04,10.17,10.13,0.03999999999999915,0.3949,17427.5,17674.326,0.3718,10.48,50814.278,10.594,47188.998,10.915,52297.112,10.8843,45181.562,10.6859,40214.7333,12.0637,59942.7303,12.907,64235.1068
7,20210716,002782.SZ,10.1,10.25,10.09,10.13,10.19,-0.05999999999999872,-0.5888,33803.29,34342.002,0.7212,10.604,54692.278,10.701,48615.929,10.9495,53010.762,10.9043,46796.2503,10.7021,40739.5,12.0898,60239.2637,12.923,64643.3376
8,20210715,002782.SZ,10.7,10.7,10.0,10.19,10.9,-0.7100000000000009,-6.5138,105730.27,108433.802,2.2557,10.734,55704.22,10.806,48783.717,10.9805,52551.5475,10.9167,46394.174,10.7185,40844.7285,12.116,60498.0863,12.9384,64959.5825
9,20210714,002782.SZ,10.89,11.08,10.86,10.9,11.01,-0.10999999999999943,-0.9991,38469.56,42116.508,0.8207,10.808,41444.456,10.904,46331.69,11.011,48562.1315,10.928,43934.515,10.7316,39835.891,12.1386,60016.1385,12.9529,65206.2292
10,20210713,002782.SZ,10.84,11.1,10.69,11.01,10.79,0.22000000000000064,2.0389,58640.77,64045.767,1.251,10.754,42441.082,10.985,51917.885,11.0025,47804.9415,10.9227,43518.6793,10.7284,41334.5987,12.1526,60117.1801,12.965,65700.2308
11,20210712,002782.SZ,10.88,10.92,10.73,10.79,10.78,0.009999999999999787,0.0928,36817.5,39775.853,0.7855,10.708,43563.718,11.019,50899.875,10.9905,46309.403,10.912,42647.7177,10.7431,41022.9275,12.1691,59973.4082,,
12,20210709,002782.SZ,10.55,10.8,10.46,10.78,10.56,0.21999999999999886,2.0833,38863.0,41546.149,0.8291,10.798,42539.58,11.063,51389.925,10.995,45960.503,10.91,42893.8677,10.7626,41005.3025,12.1864,60095.4076,,
13,20210708,002782.SZ,10.69,10.73,10.53,10.56,10.63,-0.07000000000000028,-0.6585,34431.45,36479.294,0.7346,10.878,41863.214,11.112,53157.776,11.005,45831.194,10.9063,42553.3273,10.7821,41078.592,12.2016,60093.0213,,
14,20210707,002782.SZ,10.79,10.8,10.48,10.63,10.78,-0.14999999999999858,-1.3915,43452.69,45987.844,0.927,11.0,51218.924,11.2,61436.426,11.021,46077.3425,10.9073,42454.5887,10.8051,40982.4012,12.2184,60193.5024,,
15,20210706,002782.SZ,11.28,11.28,10.62,10.78,11.24,-0.46000000000000085,-4.0925,64253.95,69989.975,1.3708,11.216,61394.688,11.229,60678.671,11.0275,45528.9515,10.906,42238.8507,10.8281,40982.8032,12.2383,60199.4675,,
16,20210705,002782.SZ,11.1,11.35,11.1,11.24,11.18,0.0600000000000005,0.5367,31696.81,35522.692,0.6762,11.33,58236.032,11.236,57405.226,11.0295,44177.844,10.902,41124.8023,10.8519,40633.161,12.2607,60072.4189,,
17,20210702,002782.SZ,11.1,11.36,11.05,11.18,11.17,0.009999999999999787,0.0895,35481.17,39623.227,0.757,11.328,60240.27,11.198,57405.595,11.006,45886.411,10.881,42172.6823,10.8695,40974.839,12.2785,60282.6538,,
18,20210701,002782.SZ,11.6,11.69,11.12,11.17,11.71,-0.5400000000000009,-4.6114,81210.0,92313.414,1.7325,11.346,64452.338,11.155,56319.378,10.972,45199.4025,10.865,42931.0353,10.8849,41119.7412,12.2942,60263.9024,,
19,20210630,002782.SZ,11.49,11.82,11.38,11.71,11.35,0.3600000000000012,3.1718,94331.51,110290.809,2.0125,11.4,71653.928,11.118,50792.573,10.94,42735.9275,10.8383,41383.7227,10.9011,40377.2248,12.308,59951.7191,,
20,20210629,002782.SZ,11.3,11.43,11.23,11.35,11.23,0.11999999999999922,1.0686,48460.67,54917.35,1.0339,11.242,59962.654,11.02,43691.998,10.8915,39319.0765,10.7893,38865.4223,10.9079,39512.3285,12.3145,59364.1433,,
21,20210628,002782.SZ,11.26,11.37,11.13,11.23,11.27,-0.03999999999999915,-0.3549,41718.0,46842.863,0.89,11.142,56574.42,10.962,41718.931,10.8585,38521.639,10.7523,38188.11,10.9177,40058.8203,12.3242,59239.6704,,
22,20210625,002782.SZ,11.32,11.38,11.17,11.27,11.44,-0.16999999999999993,-1.486,56541.51,63590.247,1.2063,11.068,54570.92,10.927,40531.081,10.8335,38645.839,10.7223,37713.36,10.9373,40347.6513,12.3377,59076.3746,,
23,20210624,002782.SZ,10.92,11.49,10.92,11.44,10.92,0.5199999999999996,4.7619,117217.95,132166.715,2.5007,10.964,48186.418,10.898,38504.612,10.8035,37251.103,10.6873,36836.628,10.96,40551.9367,12.3501,58909.4495,,
24,20210623,002782.SZ,10.84,10.95,10.81,10.92,10.85,0.07000000000000028,0.6452,35875.14,39155.269,0.7654,10.836,29931.218,10.842,30718.259,10.761,32963.67,10.6493,34186.5797,10.9828,39629.3297,12.3646,58237.5933,,
25,20210622,002782.SZ,10.93,10.93,10.77,10.85,10.86,-0.009999999999999787,-0.0921,31519.5,34183.7,0.6724,10.798,27421.342,10.826,30379.232,10.7445,33018.9405,10.6197,33938.187,11.0129,39693.2362,12.38,58280.7843,,
26,20210621,002782.SZ,10.71,10.95,10.69,10.86,10.75,0.10999999999999943,1.0233,31700.5,34412.501,0.6763,10.782,26863.442,10.823,30950.462,10.735,32984.5905,10.5884,34139.5203,11.0455,40406.6113,12.4011,58337.9468,,
27,20210618,002782.SZ,10.72,10.79,10.65,10.75,10.8,-0.05000000000000071,-0.463,24619.0,26379.147,0.5252,10.786,26491.242,10.814,34367.227,10.7225,34556.226,10.5643,34056.9037,11.0767,40870.9132,12.4202,58312.0318,,
28,20210617,002782.SZ,10.72,10.84,10.66,10.8,10.73,0.07000000000000028,0.6524,25941.95,27893.781,0.5534,10.832,28822.806,10.789,34079.427,10.72,36236.864,10.5491,34177.2703,11.1057,41470.332,12.4402,58492.3568,,
29,20210616,002782.SZ,10.73,10.85,10.6,10.73,10.77,-0.03999999999999915,-0.3714,23325.76,25013.432,0.4976,10.848,31505.3,10.762,34679.282,10.6985,36679.2975,10.5264,34257.5517,11.1346,42253.148,12.4569,58444.6798,,
30,20210615,002782.SZ,10.9,10.99,10.74,10.77,10.88,-0.11000000000000121,-1.011,28730.0,31153.424,0.6129,10.854,33337.122,10.763,34946.155,10.674,36452.1345,10.5067,34921.8787,11.1678,44131.5452,12.4755,58495.3749,,
31,20210611,002782.SZ,11.07,11.07,10.85,10.88,10.98,-0.09999999999999964,-0.9107,29839.5,32525.715,0.6366,10.864,35037.482,10.755,35324.347,10.6475,36422.6995,10.4922,34961.6707,11.2112,44325.8535,12.4945,58518.4651,,
32,20210610,002782.SZ,10.92,10.98,10.83,10.98,10.88,0.09999999999999964,0.9191,36276.82,39545.94,0.7739,10.842,42243.212,10.74,36760.597,10.62,36304.4995,10.4776,35506.4797,11.254,44495.9702,12.5111,58842.3255,,
33,20210609,002782.SZ,10.78,10.95,10.76,10.88,10.76,0.120000000000001,1.1152,39354.42,42805.278,0.8396,10.746,39336.048,10.709,35997.594,10.582,36002.636,10.4696,35705.8413,11.2947,44825.099,12.5305,59156.9874,,
34,20210608,002782.SZ,10.8,10.94,10.74,10.76,10.82,-0.0600000000000005,-0.5545,32484.87,35132.43,0.693,10.676,37853.264,10.68,35209.081,10.553,35920.74,10.4718,35350.73,11.3439,44861.9128,12.5563,59188.8015,,
35,20210607,002782.SZ,10.72,10.83,10.67,10.82,10.77,0.05000000000000071,0.4643,37231.8,40008.131,0.7943,10.672,36555.188,10.663,35658.649,10.5165,35717.6645,10.4819,35565.9313,11.39,45375.9335,12.5867,59388.1252,,
36,20210604,002782.SZ,10.5,11.06,10.4,10.77,10.5,0.2699999999999996,2.5714,65868.15,70867.088,1.4052,10.646,35611.212,10.647,35018.719,10.471,35734.0495,10.4874,35247.9047,11.4409,46834.5052,12.6145,59437.8935,,
37,20210603,002782.SZ,10.57,10.63,10.5,10.5,10.53,-0.02999999999999936,-0.2849,21741.0,22957.386,0.4638,10.638,31277.982,10.631,34745.225,10.4394,33901.742,10.4998,34682.7497,11.5159,47489.5118,12.6415,59163.8438,,
38,20210602,002782.SZ,10.75,10.75,10.5,10.53,10.74,-0.21000000000000085,-1.9553,31940.5,33841.647,0.6814,10.672,32659.14,10.651,38394.301,10.4292,34226.192,10.5203,35295.283,11.6056,49357.221,12.6716,59483.993,,
39,20210601,002782.SZ,10.72,10.74,10.61,10.74,10.69,0.05000000000000071,0.4677,25994.49,27701.49,0.5546,10.684,32564.898,10.635,38679.313,10.4086,34046.6865,10.5351,35737.267,11.6872,50289.9508,12.7008,59799.7939,,
40,20210531,002782.SZ,10.84,10.85,10.65,10.69,10.73,-0.040000000000000924,-0.3728,32511.92,34791.228,0.6936,10.654,34762.11,10.585,37958.114,10.3785,34909.7405,10.5341,39150.518,11.7718,52128.18,12.73,60163.6277,,
41,20210528,002782.SZ,10.7,10.9,10.62,10.73,10.67,0.0600000000000005,0.5623,44202.0,47643.279,0.943,10.648,34426.226,10.54,37521.052,10.3608,34780.3325,10.5742,39398.1373,11.8504,54206.073,12.7592,61172.4016,,
42,20210527,002782.SZ,10.56,10.68,10.51,10.67,10.59,0.08000000000000007,0.7554,28646.79,30425.443,0.6112,10.624,38212.468,10.5,35848.402,10.3464,34879.421,10.6152,39116.7373,11.9299,56165.972,12.7983,61663.5934,,
43,20210526,002782.SZ,10.61,10.72,10.52,10.59,10.59,0.0,0.0,31469.29,33400.357,0.6714,10.63,44129.462,10.455,36007.678,10.3499,35559.965,10.6579,39603.8567,11.9869,56521.7912,12.8422,62304.7793,,
44,20210525,002782.SZ,10.7,10.82,10.52,10.59,10.66,-0.07000000000000028,-0.6567,36980.55,39147.986,0.7889,10.586,44793.728,10.426,36632.399,10.3677,35421.5545,10.7029,39510.2137,12.0443,57273.9022,12.8851,63227.9842,,
45,20210524,002782.SZ,10.41,10.71,10.41,10.66,10.61,0.05000000000000071,0.4713,30832.5,32661.99,0.6578,10.516,41154.118,10.3699,35776.68,10.3914,35519.5725,10.7502,39726.7557,12.1123,57760.1502,12.9299,64222.5014,,
46,20210521,002782.SZ,10.77,11.04,10.6,10.61,10.7,-0.08999999999999986,-0.8411,63133.21,68318.597,1.3469,10.432,40615.878,10.2951,36449.38,10.4076,35362.4975,10.8018,40141.5197,12.1751,59072.0112,12.9669,64807.2723,,
47,20210520,002782.SZ,10.38,10.79,10.25,10.7,10.37,0.33000000000000007,3.1823,58231.76,61528.898,1.2423,10.376,33484.336,10.2479,33058.259,10.4343,34651.512,10.858,39776.9957,12.2527,59636.0923,13.0058,65624.5152,,
48,20210519,002782.SZ,10.28,10.48,10.16,10.37,10.24,0.129999999999999,1.2695,34790.62,35888.785,0.7422,10.28,27885.894,10.2074,30058.083,10.4549,33745.774,10.9049,39308.447,12.3337,60194.2255,13.048,66885.9428,,
49,20210518,002782.SZ,10.29,10.29,10.14,10.24,10.24,0.0,0.0,18782.5,19124.234,0.4007,10.266,28471.07,10.1822,29414.06,10.4852,34266.244,10.9638,39370.727,12.4208,61617.6668,13.0927,67740.852,,
50,20210517,002782.SZ,10.38,10.41,10.23,10.24,10.33,-0.08999999999999986,-0.8712,28141.3,29027.79,0.6004,10.2239,30399.242,10.172,31861.367,10.5086,39746.72,11.0264,40159.2347,12.4959,62779.7407,13.138,68690.6153,,
51,20210514,002782.SZ,10.26,10.34,10.15,10.33,10.22,0.10999999999999943,1.0763,27475.5,28143.349,0.5862,10.1582,32282.882,10.1815,32039.613,10.5912,40336.68,11.0831,41929.5307,12.5765,63767.7773,13.1835,70488.2248,,
52,20210513,002782.SZ,10.31,10.4,10.2,10.22,10.3,-0.08000000000000007,-0.7767,30239.55,31144.599,0.6451,10.1197,32632.182,10.1928,33910.44,10.6728,40750.905,11.1523,42981.9427,12.6544,65571.9773,13.2264,71958.2572,,
53,20210512,002782.SZ,10.06,10.35,10.01,10.3,10.03,0.27000000000000135,2.6919,37716.5,38621.665,0.8046,10.1348,32230.272,10.2447,35112.252,10.7593,41401.946,11.2326,44267.2453,12.7273,67023.9953,13.2585,72064.9795,,
54,20210511,002782.SZ,9.931,10.0492,9.8522,10.0295,9.9113,0.11819999999999986,1.1926,28423.36,28778.073,0.6064,10.0985,30357.05,10.3093,34210.71,10.8413,40949.121,11.3162,45072.0797,12.793,68528.4388,13.2907,72279.6094,,
55,20210510,002782.SZ,10.1379,10.1379,9.8522,9.9113,10.1379,-0.22659999999999947,-2.2352,37559.5,37832.582,0.8013,10.1202,33323.492,10.4128,35262.465,10.9403,41701.7935,11.4062,45448.2853,12.8694,70546.6573,13.3247,72676.6517,,
56,20210507,002782.SZ,10.3152,10.3546,10.128,10.1379,10.2955,-0.1576000000000004,-1.5308,29222.0,30257.934,0.6234,10.2049,31796.344,10.5202,34275.615,11.0551,41987.5895,11.5027,46673.7023,12.9518,72124.368,13.3643,73115.6144,,
57,20210506,002782.SZ,10.128,10.2955,10.1182,10.2955,10.1182,0.17730000000000068,1.7523,28230.0,29313.937,0.6023,10.266,35188.698,10.6206,36244.765,11.163,43136.364,11.5891,47684.9227,13.028,75112.438,13.4009,73556.5698,,
58,20210430,002782.SZ,10.1379,10.2068,10.0492,10.1182,10.1379,-0.019700000000000273,-0.1943,28350.39,29115.86,0.6048,10.3546,37994.232,10.7024,37433.465,11.2536,43933.629,11.6623,48763.3937,13.0971,78114.8172,13.437,74221.3612,,
59,20210429,002782.SZ,10.3251,10.3546,10.1182,10.1379,10.3349,-0.19699999999999918,-1.9062,43255.57,44789.377,0.9228,10.5202,38064.37,10.7881,39118.428,11.3546,44349.0605,11.7428,50248.7443,13.1474,78227.0107,13.4705,74657.4364,,
60,20210428,002782.SZ,10.4827,10.4827,10.2955,10.3349,10.4433,-0.10840000000000138,-1.038,29923.76,31383.424,0.6384,10.7054,37201.438,10.8453,47632.073,11.4536,44308.1685,11.8288,53341.2117,13.2009,78366.4192,13.506,75094.1295,,
61,20210427,002782.SZ,10.7783,10.7783,10.3645,10.4433,10.7389,-0.29559999999999853,-2.7526,46183.77,49051.32,0.9853,10.8354,36754.886,11.0009,48633.747,11.5339,46874.4895,11.9303,53690.0363,13.2423,78303.1768,13.5408,75880.8283,,
62,20210426,002782.SZ,10.9458,11.0246,10.7192,10.7389,10.9458,-0.20690000000000097,-1.8902,42257.67,46459.791,0.9015,10.9753,37300.832,11.1527,47591.37,11.632,47517.694,12.0305,53485.4607,13.2814,78376.1028,13.5707,76579.6717,,
63,20210423,002782.SZ,11.1132,11.1132,10.926,10.9458,11.064,-0.11819999999999986,-1.0683,28701.08,32012.356,0.6123,11.0502,36872.698,11.2738,47691.64,11.7265,48844.742,12.1198,53944.3567,13.3244,78524.9333,13.5996,77308.1763,,
64,20210422,002782.SZ,11.0147,11.261,11.0147,11.064,10.9852,0.07879999999999932,0.7173,38940.91,43896.74,0.8308,11.0561,40172.486,11.3733,47687.532,11.8196,50502.7645,12.216,54373.0957,13.3663,79008.9933,13.6249,78295.9306,,
65,20210421,002782.SZ,11.0147,11.1034,10.9852,10.9852,11.1428,-0.15759999999999863,-1.4144,27691.0,30995.043,0.5908,10.9852,58062.708,11.4679,48141.122,11.9029,50541.1955,12.2981,55185.9357,13.4071,79479.1105,13.6422,78437.4153,,
66,20210420,002782.SZ,11.1231,11.33,11.0443,11.1428,11.1132,0.029599999999998516,0.2663,48913.5,55443.984,1.0435,11.1664,60512.608,11.5901,49699.564,11.994,52872.746,12.3943,58421.1057,13.4415,79670.7273,13.6618,78564.0404,,
67,20210419,002782.SZ,11.0147,11.1822,10.9458,11.1132,10.9753,0.13790000000000013,1.2565,40117.0,45130.069,0.8559,11.33,57881.908,11.7054,50027.963,12.0733,53405.0015,12.5319,60296.274,13.4774,79739.0273,13.6778,78456.9527,,
68,20210416,002782.SZ,10.6403,11.0246,10.6403,10.9753,10.7093,0.266,2.4838,45200.02,49774.397,0.9643,11.4975,58510.582,11.8049,50433.793,12.1423,54428.358,12.6909,63419.159,13.5136,80151.444,13.694,78302.7235,,
69,20210415,002782.SZ,11.0837,11.527,10.6994,10.7093,11.8916,-1.1822999999999997,-9.9423,128392.02,142363.384,2.7391,11.6906,55202.578,11.9211,49579.693,12.2201,55813.9025,12.8393,64842.6347,13.5456,80196.386,13.7108,78159.2067,,
70,20210414,002782.SZ,11.9605,12.0098,11.8719,11.8916,11.9605,-0.0688999999999993,-0.5761,39940.5,48241.235,0.8521,11.9507,38219.536,12.062,40984.264,12.3206,56195.781,13.0094,65105.842,13.5768,78899.7615,13.7322,77366.6149,,
71,20210413,002782.SZ,11.9507,12.0393,11.862,11.9605,11.9507,0.009800000000000253,0.082,35760.0,43305.052,0.7629,12.0137,38886.52,12.0669,45115.232,12.395,56218.181,13.1267,69014.0087,13.5952,78923.8888,13.7408,77287.4575,,
72,20210412,002782.SZ,11.9999,12.0886,11.8521,11.9507,11.9408,0.00990000000000002,0.0829,43260.37,52510.176,0.9229,12.0807,42174.018,12.1113,47444.018,12.4694,56432.506,13.2446,73215.2067,13.6103,79185.5127,13.75,77294.7314,,
73,20210409,002782.SZ,12.0196,12.0393,11.9014,11.9408,12.0098,-0.06900000000000084,-0.5745,28660.0,34764.634,0.6114,12.1122,42357.004,12.1792,49997.844,12.5428,57070.715,13.3158,73439.7257,13.6211,79107.4507,13.7609,77248.3619,,
74,20210408,002782.SZ,12.1674,12.1773,11.9901,12.0098,12.2068,-0.19699999999999918,-1.6139,43476.81,53219.461,0.9275,12.1517,43956.808,12.266,53317.997,12.6374,57715.8775,13.3858,75037.5907,13.6318,79404.6037,13.7723,77240.7952,,
75,20210407,002782.SZ,12.2856,12.3645,12.1182,12.2068,12.2955,-0.08870000000000111,-0.7214,43275.42,53553.151,0.9232,12.1733,43748.992,12.3379,52941.269,12.7132,58708.3425,13.4745,75793.5447,13.6485,79416.1318,13.7842,77277.1793,,
76,20210406,002782.SZ,12.0985,12.4137,12.0689,12.2955,12.1083,0.1872000000000007,1.546,52197.49,64821.026,1.1136,12.1201,51343.944,12.398,56045.928,12.7965,62781.8765,13.5484,78002.5027,13.6695,79511.6768,13.7946,77392.0026,,
77,20210402,002782.SZ,12.2364,12.2659,12.0098,12.1083,12.1379,-0.029600000000000293,-0.2439,44175.3,54439.212,0.9424,12.1418,52714.018,12.4413,56782.04,12.9452,65430.4295,13.6475,79495.189,13.6874,79590.4687,13.799,77165.52,,
78,20210401,002782.SZ,12.1182,12.2167,11.9999,12.1379,12.1182,0.019700000000000273,0.1626,36659.02,45174.723,0.7821,12.2463,57638.684,12.4797,58422.923,13.1339,69911.842,13.7625,81080.004,13.7034,79408.0637,13.8016,76931.1202,,
79,20210331,002782.SZ,12.0196,12.1182,11.8324,12.1182,11.9408,0.17740000000000045,1.4857,42437.73,51746.55,0.9054,12.3802,62679.186,12.5191,62048.112,13.2984,72474.1055,13.8777,83864.6067,13.7149,79526.2133,13.805,76808.7918,,
80,20210330,002782.SZ,12.3251,12.3842,11.931,11.9408,12.4039,-0.46310000000000073,-3.7335,81250.18,99334.603,1.7334,12.5024,62133.546,12.5792,71407.298,13.4832,77166.631,13.9654,85400.2467,13.7211,79215.9582,13.8071,76593.2159,,
81,20210329,002782.SZ,12.66,12.7093,12.3645,12.4039,12.6305,-0.22659999999999947,-1.7941,59047.86,74852.81,1.2597,12.6758,60747.912,12.7231,67321.13,13.6566,80963.397,14.0699,85606.024,13.7306,78420.5205,13.8117,76077.2988,,
82,20210326,002782.SZ,12.7093,12.7487,12.463,12.6305,12.8078,-0.17730000000000068,-1.3843,68798.63,88227.567,1.4678,12.7408,60850.062,12.8275,65420.994,13.8112,86100.801,14.1566,88162.012,13.7382,77805.0978,13.8126,75828.6583,,
83,20210325,002782.SZ,12.6896,12.8472,12.3546,12.8078,12.729,0.07880000000000109,0.6191,61861.53,79230.127,1.3198,12.7132,59207.162,12.9063,64143.586,13.8841,85160.6665,14.2219,89780.7453,13.7403,77266.9623,13.8142,75510.5103,,
84,20210324,002782.SZ,12.8571,12.9457,12.6699,12.729,12.8078,-0.07880000000000109,-0.6153,39709.53,51316.931,0.8472,12.658,61417.038,13.0088,62113.758,13.9457,85897.3875,14.2699,91984.798,13.7464,76845.857,13.8137,75244.2547,,
85,20210323,002782.SZ,12.7388,13.0049,12.66,12.8078,12.729,0.07880000000000109,0.6191,74322.01,96681.633,1.5856,12.6561,80681.05,13.0886,64475.416,14.0428,87219.6825,14.3326,95645.0293,13.747,76868.3323,13.8147,75094.3669,,
86,20210322,002782.SZ,12.5714,12.7585,12.5122,12.729,12.4925,0.2364999999999995,1.8931,59558.61,76605.626,1.2706,12.7703,73894.348,13.195,69517.825,14.1235,88980.79,14.4009,97575.0337,13.7566,76269.2822,13.8164,74680.8002,,
87,20210319,002782.SZ,12.5122,12.7585,12.3349,12.4925,12.5319,-0.039400000000000546,-0.3144,60584.13,77303.967,1.2925,12.9142,69991.926,13.4491,74078.819,14.2506,90851.7635,14.4669,102539.9533,13.7638,75753.1505,13.8179,74401.3455,,
88,20210318,002782.SZ,12.7191,12.7684,12.4728,12.5319,12.7191,-0.18719999999999892,-1.4718,72910.91,92992.276,1.5555,13.0994,69080.01,13.7881,81400.761,14.4038,92408.5445,14.5319,107466.2407,13.7746,75514.3817,13.8207,74089.1277,,
89,20210317,002782.SZ,13.2807,13.2807,12.3152,12.7191,13.3792,-0.6601000000000017,-4.9338,136029.59,175578.863,2.9021,13.3595,62810.478,14.0777,82900.099,14.5571,94772.854,14.552,106205.277,13.7792,74636.2117,13.824,73665.7954,,
90,20210316,002782.SZ,13.4482,13.596,13.1625,13.3792,13.4482,-0.06899999999999906,-0.5131,40388.5,54745.027,0.9481,13.5211,48269.782,14.3871,82925.964,14.6585,92396.721,14.573,103391.6267,13.7833,72859.2047,13.8259,72816.6363,,
91,20210315,002782.SZ,13.3497,13.6452,13.1132,13.4482,13.4186,0.029600000000000293,0.2206,40046.5,54601.671,0.9401,13.6196,65141.302,14.59,94605.664,14.7433,94748.471,14.5543,102916.3173,13.7778,72711.0767,13.8196,72682.9572,,
92,20210312,002782.SZ,13.6945,13.7438,13.2512,13.4186,13.8324,-0.41380000000000017,-2.9915,56024.55,76331.401,1.3151,13.9841,78165.712,14.795,106780.608,14.8211,99532.521,14.5323,103266.745,13.7681,73188.6808,13.8108,72719.2962,,
93,20210311,002782.SZ,13.4975,13.8521,13.3891,13.8324,13.527,0.30540000000000056,2.2577,41563.25,57783.005,0.9757,14.4767,93721.512,14.862,106177.747,14.8797,102599.325,14.529,103105.51,13.7663,73488.8758,13.8057,72819.6047,,
94,20210310,002782.SZ,13.931,14.1674,13.4679,13.527,13.8718,-0.3448000000000011,-2.4856,63326.11,87791.031,1.4865,14.796,102989.72,14.8827,109681.017,14.9004,106920.318,14.5165,103644.891,13.7687,73515.6902,13.8035,72878.1692,,
95,20210309,002782.SZ,14.926,14.9457,13.7438,13.8718,15.2708,-1.3989999999999991,-9.1613,124746.1,179420.682,2.9283,15.2531,117582.146,14.997,109963.949,14.9546,111229.836,14.5162,103772.2853,13.7833,73400.3168,13.8041,72743.3599,,
96,20210308,002782.SZ,16.0295,16.0295,15.1723,15.2708,15.8817,-0.6109000000000009,-3.8466,105168.55,165724.25,2.4687,15.5605,124070.026,15.0521,108443.755,15.0039,111603.638,14.4886,100920.349,13.7881,72041.2818,13.8035,72049.6174,,
97,20210305,002782.SZ,15.261,16.1378,15.1231,15.8817,15.4285,0.4532000000000007,2.9374,133803.55,213713.62,3.1409,15.6058,135395.504,15.0521,107624.708,14.9758,116770.5205,14.4229,99181.7807,13.7671,70838.1758,13.791,71590.7253,,
98,20210304,002782.SZ,15.596,15.6846,15.261,15.4285,15.8127,-0.3841999999999999,-2.4297,87904.29,137589.473,2.0635,15.2472,118633.982,15.0196,103416.328,14.9039,120498.9805,14.3362,96883.729,13.7377,69610.765,13.7759,71029.5874,,
99,20210303,002782.SZ,15.2906,15.8915,15.0344,15.8127,15.4088,0.40390000000000015,2.6212,136288.24,213823.544,3.1993,14.9694,116372.314,15.0364,106645.609,14.7891,117857.866,14.2518,95550.1373,13.7144,69309.637,13.7636,70650.3461,,
100,20210302,002782.SZ,15.7142,15.9014,15.1822,15.4088,15.4974,-0.08860000000000134,-0.5717,157185.5,247949.528,3.6898,14.7408,102345.752,14.93,101867.478,14.6659,113624.458,14.1441,92693.681,13.6883,68199.0755,13.7498,69975.8274,,
101,20210301,002782.SZ,14.3447,15.4974,14.3349,15.4974,14.0886,1.4088000000000012,9.9996,161795.94,248999.085,3.798,14.5438,92817.484,14.8965,94891.278,14.5364,107071.644,14.0636,88833.769,13.6679,68138.7302,13.7383,69120.5566,,
102,20210226,002782.SZ,13.9408,14.325,13.8324,14.0886,14.0393,0.04929999999999879,0.3512,49995.94,71739.342,1.1736,14.4984,79853.912,14.8472,92284.434,14.4009,101509.8135,13.976,85155.8187,13.6668,67161.2148,13.7255,68252.0876,,
103,20210225,002782.SZ,14.6305,14.6994,13.9605,14.0393,14.6699,-0.6305999999999994,-4.2986,76595.95,110276.992,1.798,14.792,88198.674,14.8975,99020.903,14.3625,101569.3915,13.9264,84775.1757,13.6975,68087.7673,13.7212,68514.7707,,
104,20210224,002782.SZ,14.4433,14.7684,14.3152,14.6699,14.4236,0.24629999999999974,1.7076,66155.43,97822.978,1.5529,15.1034,96918.904,14.9182,104159.619,14.3334,100626.828,13.8778,83771.6167,13.7259,69182.0662,13.7236,68493.6726,,
105,20210223,002782.SZ,15.1231,15.1625,14.4236,14.4236,15.2708,-0.8471999999999991,-5.5478,109544.16,163287.675,2.5715,15.1191,101389.204,14.9122,112495.723,14.2758,100676.4535,13.8226,83038.719,13.7474,70684.8527,13.7187,68449.4416,,
106,20210222,002782.SZ,15.4777,15.5369,14.9556,15.2708,15.5566,-0.28580000000000005,-1.8372,96978.08,149739.155,2.2765,15.2492,96965.072,14.9556,114763.521,14.2068,97158.646,13.7907,81020.851,13.7587,70542.5335,13.7131,67856.0876,,
107,20210219,002782.SZ,15.4088,15.7043,15.1428,15.5566,15.596,-0.039400000000000546,-0.2526,91719.75,143386.126,2.153,15.196,104714.956,14.8994,125916.333,14.1083,94960.317,13.7274,79685.7483,13.7589,71612.9382,13.6998,67317.8369,,
108,20210218,002782.SZ,14.8472,15.7043,14.8472,15.596,14.7487,0.8473000000000006,5.7449,120197.1,186958.525,2.8215,15.0029,109843.132,14.7881,137581.633,13.9945,93617.4295,13.6443,77736.1233,13.7623,73577.66,13.683,66907.3321,,
109,20210210,002782.SZ,15.0245,15.064,14.5319,14.7487,15.0738,-0.32510000000000083,-2.1567,88506.93,132708.233,2.0776,14.7329,111400.334,14.5418,129070.123,13.8595,90002.4015,13.552,75187.82,13.7646,73864.0372,13.6691,66217.7854,,
110,20210209,002782.SZ,15.0442,15.2413,14.6797,15.0738,15.0048,0.06900000000000084,0.4599,87423.5,132122.414,2.0522,14.7053,123602.242,14.4019,125381.438,13.7512,88106.7825,13.4768,73031.6697,13.7801,74601.4898,13.6618,65859.9443,,
111,20210208,002782.SZ,14.6009,15.3792,14.4531,15.0048,14.5911,0.4136999999999986,2.8353,135727.5,207714.236,3.1861,14.662,132561.97,14.1763,119252.01,13.6472,85805.0145,13.3914,71235.017,13.7906,77208.6723,13.6501,65474.1048,,
112,20210205,002782.SZ,14.1181,14.7093,13.8029,14.5911,14.2462,0.3449000000000009,2.421,117360.63,170069.966,2.7549,14.6029,147117.71,13.9546,110735.193,13.5403,81591.511,13.3198,67448.1837,13.7984,78344.5372,13.6372,64812.2173,,
113,20210204,002782.SZ,14.3743,14.5418,13.7044,14.2462,14.6108,-0.36459999999999937,-2.4954,127983.11,183553.729,3.0043,14.5733,165320.134,13.8275,104117.88,13.4408,77652.312,13.2587,64753.1793,13.7897,77105.9637,13.6268,64353.7927,,
114,20210203,002782.SZ,14.7684,15.2708,14.4925,14.6108,14.8571,-0.24630000000000152,-1.6578,149516.47,226731.661,3.5098,14.3507,146739.912,13.7487,97094.037,13.3576,73577.6155,13.2229,61706.916,13.7884,76030.78,13.6209,63937.7459,,
115,20210202,002782.SZ,14.7093,14.8571,14.3349,14.8571,14.7093,0.14780000000000015,1.0048,132222.14,196069.592,3.1038,14.0985,127160.634,13.6394,88857.184,13.2778,68310.217,13.1615,58091.6353,13.7801,74806.6462,13.6157,63116.8712,,
116,20210201,002782.SZ,14.5319,15.0048,14.2659,14.7093,14.4433,0.266,1.8417,208506.2,310197.644,4.8945,13.6906,105942.05,13.4581,79553.771,13.2083,64149.516,13.1122,54963.5307,13.7768,74106.8608,13.6086,62771.0878,,
117,20210129,002782.SZ,13.3989,14.4433,13.2019,14.4433,13.1329,1.3104000000000013,9.978,208372.75,299878.491,4.8914,13.3063,74352.676,13.3172,64004.301,13.1413,56570.456,13.0607,48966.3477,13.7738,72000.7017,13.6071,61928.5623,,
118,20210128,002782.SZ,13.1723,13.3398,13.0246,13.1329,13.3497,-0.216800000000001,-1.624,35082.0,46826.114,0.8235,13.0817,42915.626,13.2009,49653.226,13.0723,47813.3685,13.0173,43562.5227,13.7768,70327.9052,13.6099,61219.031,,
119,20210127,002782.SZ,12.8275,13.5467,12.66,13.3497,12.8177,0.532,4.1505,51620.08,68945.082,1.2117,13.1467,47448.162,13.1773,50934.68,13.0571,48246.6685,13.0065,43067.1463,13.7937,71087.8622,13.6191,61643.5273,,
120,20210126,002782.SZ,12.6305,12.9851,12.6305,12.8177,12.7881,0.029600000000000293,0.2315,26129.22,33913.788,0.6134,13.1802,50553.734,13.1004,50832.127,13.0142,46856.7855,12.9937,42326.7827,13.8111,71821.8398,13.6293,62049.9572,,
121,20210125,002782.SZ,13.1329,13.2709,12.6305,12.7881,13.3201,-0.532,-3.994,50559.33,65919.906,1.1868,13.2256,53165.492,13.1182,52358.019,12.9989,47226.5205,13.0012,42505.836,13.8393,73458.4797,13.6415,62604.1401,,
122,20210122,002782.SZ,13.3989,13.6748,13.1329,13.3201,13.4581,-0.1379999999999999,-1.0254,51187.5,69529.19,1.2016,13.328,53655.926,13.126,52447.829,13.0024,45804.679,13.0039,43110.6167,13.86,74783.2407,13.6528,62954.354,,
123,20210121,002782.SZ,13.4285,13.7044,13.33,13.4581,13.5172,-0.05910000000000082,-0.4372,57744.68,79333.142,1.3555,13.3201,56390.826,13.0541,51186.744,12.9743,45070.829,13.0035,43872.2417,13.8748,76091.4192,13.6595,63457.1883,,
124,20210120,002782.SZ,13.0738,13.5467,13.0443,13.5172,13.0443,0.472900000000001,3.6253,67147.94,91274.437,1.5762,13.2078,54421.198,12.9664,50061.194,12.96,44013.3555,13.0209,43386.4893,13.8835,77582.8678,13.6599,63385.2617,,
125,20210119,002782.SZ,13.2709,13.2709,13.0246,13.0443,13.3004,-0.2561,-1.9255,39188.01,52326.151,0.9199,13.0206,51110.52,12.9162,47763.25,12.9226,42708.861,13.0505,43028.3483,13.8773,77395.7202,13.6588,63325.3346,,
126,20210118,002782.SZ,13.3201,13.5172,13.0935,13.3004,13.2807,0.019700000000000273,0.1483,53011.5,71591.842,1.2444,13.0108,51550.546,12.9585,48745.261,12.9393,42668.4105,13.0876,43162.2147,13.8822,77457.3535,13.6588,63712.0887,,
127,20210115,002782.SZ,12.8177,13.3004,12.7191,13.2807,12.8965,0.3841999999999999,2.9791,64862.0,86394.499,1.5226,12.9241,51239.732,12.9654,49136.611,12.9324,41447.371,13.1113,42494.571,13.8781,77174.878,13.6627,63938.447,,
128,20210114,002782.SZ,12.5122,13.0837,12.4137,12.8965,12.5812,0.3152999999999988,2.5061,47896.54,62041.742,1.1243,12.7881,45982.662,12.9438,45973.511,12.9255,40517.171,13.1392,42337.801,13.8745,76454.003,13.6679,64116.5158,,
129,20210113,002782.SZ,13.0147,13.064,12.4728,12.5812,12.995,-0.4137999999999984,-3.1843,50594.55,65082.548,1.1877,12.725,45701.19,12.9369,45558.657,12.9211,39133.3795,13.1769,43069.1367,13.8759,76122.0273,13.6774,64495.2247,,
130,20210112,002782.SZ,12.926,13.1034,12.7585,12.995,12.8669,0.12809999999999988,0.9956,41388.14,54410.92,0.9716,12.8117,44415.98,12.928,42881.444,12.9403,38074.1105,13.2324,43704.47,13.8876,75833.4683,13.6892,64923.9342,,
131,20210111,002782.SZ,12.7093,13.2512,12.4236,12.8669,12.6009,0.266,2.111,51457.43,67434.087,1.2079,12.9063,45939.976,12.8797,42095.022,12.9428,37579.7445,13.2722,47443.6913,13.8865,75651.0262,13.692,65337.8575,,
132,20210108,002782.SZ,12.4531,12.8374,12.2758,12.6009,12.5812,0.019699999999998496,0.1566,38576.65,49327.876,0.9056,13.0068,47033.49,12.8787,39161.529,12.9428,38442.0105,13.3576,49166.611,13.8897,75403.9502,13.6943,66140.4938,,
133,20210107,002782.SZ,13.0246,13.1034,12.4137,12.5812,13.0147,-0.43349999999999866,-3.3308,46489.18,59707.738,1.0913,13.0994,45964.36,12.8945,38954.914,12.9782,40214.9905,13.4686,51400.359,13.9007,75389.2732,13.7084,67308.8788,,
134,20210106,002782.SZ,13.4679,13.4679,12.9851,13.0147,13.4679,-0.4532000000000007,-3.365,44168.5,58766.425,1.0368,13.1487,45416.124,12.9536,37965.517,13.0482,40049.137,13.574,54592.5157,13.9127,75076.9868,13.7225,68227.3078,,
135,20210105,002782.SZ,13.4285,13.6354,13.2019,13.4679,13.3694,0.09849999999999959,0.7368,49008.12,66628.742,1.1504,13.0443,41346.908,12.929,37654.472,13.1177,40660.8975,13.6722,58330.9863,13.9199,75138.2267,13.7384,68974.9698,,
136,20210104,002782.SZ,13.0837,13.6354,13.0837,13.3694,13.064,0.30540000000000056,2.3377,56925.0,77721.491,1.3363,12.8531,38250.068,12.9201,36591.56,13.1521,40370.6915,13.7267,60064.216,13.9196,75272.3283,13.746,69818.3038,,
137,20201231,002782.SZ,12.8275,13.1231,12.8177,13.064,12.8275,0.2364999999999995,1.8437,33231.0,43918.954,0.7801,12.7507,31289.568,12.8994,33758.131,13.1842,39173.551,13.7904,63540.128,13.9106,74740.5713,13.7527,70339.6387,,
138,20201230,002782.SZ,12.4827,12.9556,12.2068,12.8275,12.4925,0.33500000000000085,2.6816,43748.0,56092.578,1.0269,12.6896,31945.468,12.9073,35060.831,13.2369,40519.946,13.8804,69419.1967,13.8999,74454.1768,13.7604,71003.2513,,
139,20201229,002782.SZ,12.4728,12.6502,12.3448,12.4925,12.5122,-0.019700000000000273,-0.1574,23822.42,30195.437,0.5592,12.7585,30514.91,12.9053,32708.102,13.297,41824.3765,13.9773,72540.2543,13.8952,74091.3703,13.7686,72033.6175,,
140,20201228,002782.SZ,13.0049,13.0049,12.4728,12.5122,12.8571,-0.3449000000000009,-2.6826,33523.92,42862.424,0.7869,12.8137,33962.036,12.9526,33266.777,13.3846,44115.983,14.0833,76171.31,13.893,73970.4737,13.7805,73184.8472,,
141,20201225,002782.SZ,12.7585,12.995,12.7191,12.8571,12.7585,0.09860000000000113,0.7728,22122.5,28910.382,0.5193,12.9871,34933.052,13.0058,33064.467,13.4684,50118.026,14.1897,83182.3277,13.8929,73734.0772,,,,
142,20201224,002782.SZ,13.1723,13.192,12.7093,12.7585,13.1723,-0.41380000000000017,-3.1414,36510.5,47716.345,0.8571,13.0482,36226.694,13.0068,37722.492,13.597,54169.152,14.2771,89240.8907,13.8871,73852.2188,,,,
143,20201223,002782.SZ,12.7487,13.2315,12.7487,13.1723,12.7684,0.40390000000000015,3.1633,36595.21,48435.536,0.859,13.125,38176.194,13.062,41475.067,13.7556,57623.0815,14.3208,89458.748,13.8881,73754.0582,,,,
144,20201222,002782.SZ,13.2315,13.2906,12.7585,12.7684,13.3792,-0.6108000000000011,-4.5653,41058.05,54201.9,0.9638,13.0521,34901.294,13.1428,42132.757,13.8842,62906.015,14.3539,90354.644,13.881,73642.6523,,,,
145,20201221,002782.SZ,13.1625,13.5467,13.1034,13.3792,13.1625,0.21670000000000122,1.6463,38379.0,52191.919,0.9009,13.0915,32571.518,13.3063,43667.323,14.0438,68669.2435,14.3986,91521.657,13.8824,73320.4015,,,,
146,20201218,002782.SZ,13.1329,13.261,13.0049,13.1625,13.1428,0.019700000000000273,0.1499,28590.71,38145.082,0.6711,13.0246,31195.882,13.3842,44149.823,14.13,71800.544,14.4413,93250.191,13.8763,73092.3182,,,,
147,20201217,002782.SZ,12.8965,13.1428,12.4137,13.1428,12.8078,0.3349999999999991,2.6156,46258.0,60026.65,1.0859,12.9654,39218.29,13.4689,44588.971,14.2359,78431.1265,14.4869,95035.0557,13.872,73049.5405,,,,
148,20201216,002782.SZ,12.9654,13.0344,12.7684,12.8078,12.9654,-0.1576000000000004,-1.2155,20220.71,26393.869,0.4747,12.9989,44773.94,13.5664,45979.061,14.3669,86598.3795,14.5362,97093.2877,13.8667,72663.8738,,,,
149,20201215,002782.SZ,13.1132,13.192,12.8571,12.9654,13.0443,-0.07889999999999908,-0.6049,29409.17,38781.953,0.6904,13.2334,49364.22,13.6886,50940.651,14.5132,92456.3305,14.5809,99108.578,13.8687,72695.3792,,,,
150,20201214,002782.SZ,12.926,13.1526,12.6305,13.0443,12.8669,0.17740000000000045,1.3787,31500.82,41349.482,0.7395,13.5211,54763.128,13.8167,54965.189,14.6487,97623.5765,14.6285,101316.897,13.8686,72774.068,,,,
151,20201211,002782.SZ,13.261,13.3004,12.7191,12.8669,13.3103,-0.44340000000000046,-3.3313,68702.75,89956.48,1.6127,13.7438,57103.764,13.931,67171.585,14.7817,108241.258,14.6774,104411.1233,13.8615,72654.8377,,,,
152,20201210,002782.SZ,13.8521,13.931,13.2019,13.3103,13.9802,-0.6699000000000002,-4.7918,74036.25,101385.57,1.7379,13.9724,49959.652,14.1871,70615.812,14.9122,115000.09,14.7162,106455.8647,13.8535,72249.9115,,,,
153,20201209,002782.SZ,14.3842,14.3842,13.9211,13.9802,14.4039,-0.4237000000000002,-2.9416,43172.11,61779.575,1.0134,14.1339,47184.182,14.4492,73771.096,14.9502,113450.5885,14.7461,108310.5967,13.8452,72150.3335,,,,
154,20201208,002782.SZ,13.9999,14.5122,13.8915,14.4039,14.1576,0.24629999999999974,1.7397,56403.71,81644.303,1.324,14.1438,52517.082,14.6255,83679.273,14.9595,114465.5875,14.7461,111779.2463,13.8382,72240.6482,,,,
155,20201207,002782.SZ,13.9901,14.2758,13.9408,14.1576,14.0098,0.14780000000000015,1.055,43204.0,62060.632,1.0142,14.1122,55167.25,14.7812,93671.164,14.9447,115448.824,14.704,111763.092,13.8249,72086.403,,,,
156,20201204,002782.SZ,13.9605,14.1576,13.9408,14.0098,14.1181,-0.10829999999999984,-0.7671,32982.19,46978.281,0.7742,14.1181,77239.406,14.8758,99451.265,14.9699,117800.375,14.6768,111752.4923,13.8188,72057.953,,,,
157,20201203,002782.SZ,14.0196,14.1477,13.7142,14.1181,14.0295,0.08859999999999957,0.6315,60158.9,84934.211,1.4122,14.4019,91271.972,15.0029,112273.282,14.996,120258.098,14.6449,111855.185,13.8149,72343.2748,,,,
158,20201202,002782.SZ,14.0984,14.3152,13.9408,14.0295,14.2462,-0.21669999999999945,-1.5211,69836.61,99678.001,1.6394,14.7644,100358.01,15.1674,127217.698,15.0211,122650.401,14.6098,110570.205,13.8142,72448.4098,,,,
159,20201201,002782.SZ,14.0098,14.3743,13.931,14.2462,14.1871,0.05910000000000082,0.4166,69654.55,100373.216,1.6351,15.1073,114841.464,15.3378,133972.01,15.027,123192.5415,14.575,109174.918,13.8129,71991.0552,,,,
160,20201130,002782.SZ,15.4383,15.5172,14.1477,14.1871,15.4285,-1.2414000000000005,-8.0461,153564.78,227127.818,3.6048,15.4502,132175.078,15.4807,140281.964,15.0344,124492.751,14.5428,107962.4667,13.8112,71752.5793,,,,
161,20201127,002782.SZ,15.9211,16.3152,15.2511,15.4285,15.9309,-0.5023999999999997,-3.1536,103145.02,164123.952,2.4212,15.6334,121663.124,15.6324,149310.931,15.0506,123030.8925,14.5007,103858.361,13.8088,70102.383,,,,
162,20201126,002782.SZ,15.6748,16.2167,15.4285,15.9309,15.7438,0.18709999999999916,1.1884,105589.09,169691.184,2.4786,15.6039,133274.592,15.6373,159384.368,14.9807,124375.891,14.4219,101641.2893,13.7842,69342.9603,,,,
163,20201125,002782.SZ,15.862,16.3447,15.6846,15.7438,15.9605,-0.21669999999999945,-1.3577,142253.88,231043.636,3.3393,15.5704,154077.386,15.4512,153130.081,14.8945,125580.347,14.3329,99378.1873,13.7449,68941.7742,,,,
164,20201124,002782.SZ,15.0738,16.2167,14.9753,15.9605,15.1034,0.8570999999999991,5.6749,156322.62,248507.611,3.6695,15.5684,153102.556,15.2935,145251.902,14.8063,125829.233,14.2515,95561.458,13.7214,67805.279,,,,
165,20201123,002782.SZ,15.2807,15.3694,14.926,15.1034,15.2807,-0.1772999999999989,-1.1603,101005.01,155021.618,2.371,15.5113,148388.85,15.1083,137226.484,14.6654,120809.056,14.1677,91945.467,13.6901,66214.0305,,,,
166,20201120,002782.SZ,15.4679,15.5566,14.6896,15.2807,15.7635,-0.482800000000001,-3.0628,161202.36,248099.313,3.7841,15.6314,176958.738,15.064,136149.485,14.5772,117903.106,14.1126,90480.4407,13.6676,65169.6417,,,,
167,20201119,002782.SZ,15.7142,16.6304,15.6157,15.7635,15.7339,0.029600000000000293,0.1881,209603.06,342370.648,4.9203,15.6708,185494.144,14.9891,128242.914,14.4659,111646.1365,14.0308,85941.0147,13.6406,63022.7357,,,,
168,20201118,002782.SZ,15.6255,15.8423,15.3497,15.7339,15.6748,0.05910000000000082,0.377,137379.73,216742.462,3.2249,15.3319,152182.776,14.8748,118083.104,14.3309,102246.4585,13.9195,79489.157,13.6037,60237.0042,,,,
169,20201117,002782.SZ,15.7043,15.8127,15.3004,15.6748,15.7043,-0.029500000000000526,-0.1878,132754.09,208990.896,3.1163,15.0186,137401.248,14.7162,112413.073,14.1935,96776.372,13.8131,75642.4863,13.5735,58571.5337,,,,
170,20201116,002782.SZ,15.8127,16.2068,15.1822,15.7043,15.4777,0.22659999999999947,1.464,243854.45,387009.807,5.7243,14.7053,126064.118,14.5881,108703.538,14.0738,91802.718,13.7027,71769.6373,13.5436,57118.3988,,,,
171,20201113,002782.SZ,14.0984,15.4777,13.931,15.4777,14.0689,1.4088000000000012,10.0136,203879.39,309904.653,4.7859,14.4965,95340.232,14.4689,96750.854,13.9349,81132.076,13.596,64285.8267,13.5096,53739.5373,,,,
172,20201112,002782.SZ,14.0787,14.2364,13.8423,14.0689,14.1674,-0.09850000000000136,-0.6953,43046.22,61366.468,1.0105,14.3073,70991.684,14.3241,89367.414,13.8142,72769.75,13.4971,58463.547,13.4759,51279.8975,,,,
173,20201111,002782.SZ,14.1477,14.325,13.8718,14.1674,14.1083,0.05910000000000082,0.4189,63472.09,90881.594,1.49,14.4176,83983.432,14.3378,98030.613,13.7738,72502.2405,13.4554,58049.3683,13.4638,51601.6217,,,,
174,20201110,002782.SZ,14.5713,14.6305,14.0984,14.1083,14.66,-0.5517000000000003,-3.7633,76068.44,110657.467,1.7856,14.4137,87424.898,14.3191,106406.564,13.7305,70716.236,13.4081,56930.6607,13.4533,51844.7118,,,,
175,20201109,002782.SZ,14.5319,14.8275,14.3546,14.66,14.5319,0.12809999999999988,0.8815,90235.02,133942.72,2.1182,14.4708,91342.958,14.2226,104391.628,13.6974,69304.9585,13.3661,55119.146,13.4513,51427.0962,,,,
176,20201106,002782.SZ,14.729,14.8965,14.3152,14.5319,14.6206,-0.08869999999999933,-0.6067,82136.65,121376.665,1.9281,14.4413,98161.476,14.0905,99656.727,13.6369,67645.9185,13.3112,52934.4453,13.4405,51435.3148,,,,
177,20201105,002782.SZ,14.2856,14.7585,14.2856,14.6206,14.1477,0.4728999999999992,3.3426,108004.96,159492.799,2.5353,14.3408,107743.144,13.9428,95049.359,13.5516,64790.065,13.2571,51064.0253,13.4403,51856.4228,,,,
178,20201104,002782.SZ,14.4531,14.5221,14.0196,14.1477,14.394,-0.24629999999999974,-1.7111,80679.42,116495.939,1.8939,14.258,112077.794,13.7871,86409.813,13.4418,60192.1835,13.1973,48234.46,13.4429,52110.1568,,,,
179,20201103,002782.SZ,14.6699,14.6797,14.2561,14.394,14.5122,-0.11819999999999986,-0.8145,95658.74,139694.733,2.2455,14.2245,125388.23,13.6708,81139.671,13.3615,57257.193,13.1566,46282.1803,13.4444,52199.1923,,,,
180,20201102,002782.SZ,13.9211,14.6305,13.7536,14.5122,14.0295,0.48269999999999946,3.4406,124327.61,180681.519,2.9185,13.9743,117440.298,13.5595,74901.898,13.26,53302.687,13.1086,44231.239,13.4475,52278.0745,,,,
181,20201030,002782.SZ,14.2265,14.5516,13.793,14.0295,14.2068,-0.1772999999999989,-1.248,130044.99,186748.286,3.0527,13.7398,101151.978,13.4009,65513.298,13.1595,48053.313,13.0456,40898.552,13.4436,51749.8005,,,,
182,20201029,002782.SZ,13.7536,14.2856,13.6452,14.2068,13.9802,0.22659999999999947,1.6209,129678.21,183978.079,3.0441,13.5447,82355.574,13.3043,56172.086,13.0837,43011.6135,12.9907,38043.9583,13.4456,51125.4673,,,,
183,20201028,002782.SZ,13.2019,13.9999,13.1625,13.9802,13.1428,0.8374000000000006,6.3715,147231.6,205210.647,3.4561,13.3162,60741.832,13.2098,46973.868,13.0142,38058.746,12.9444,35990.0703,13.4443,50822.9573,,,,
184,20201027,002782.SZ,13.4186,13.5763,13.0935,13.1428,13.3398,-0.19700000000000095,-1.4768,55919.08,75251.635,1.3127,13.1172,36891.112,13.1418,35025.908,12.9526,32192.709,12.9303,32702.05,13.4364,49187.6557,,,,
185,20201026,002782.SZ,12.995,13.3792,12.8571,13.3398,13.0541,0.2857000000000003,2.1886,42886.01,57608.544,1.0067,13.1447,32363.498,13.1723,34218.289,12.9379,30482.905,12.9457,32409.714,13.4403,49254.949,,,,
186,20201023,002782.SZ,13.1428,13.3891,13.0246,13.0541,13.064,-0.00990000000000002,-0.0758,36062.97,48233.982,0.8465,13.062,29874.618,13.1832,35635.11,12.9216,29573.3045,12.9608,32363.4137,13.4354,49966.8238,,,,
187,20201022,002782.SZ,12.9654,13.1428,12.8078,13.064,12.9851,0.07890000000000086,0.6076,21609.5,28606.987,0.5073,13.064,29988.598,13.1605,34530.771,12.9142,29071.3585,12.9848,32831.3647,13.4474,50702.016,,,,
188,20201021,002782.SZ,13.3497,13.3497,12.9162,12.9851,13.2807,-0.2956000000000003,-2.2258,27978.0,37068.639,0.6568,13.1034,33205.904,13.0965,33974.554,12.9024,29146.7835,13.0186,34326.6147,13.4613,51779.0287,,,,
189,20201020,002782.SZ,12.9457,13.3201,12.7585,13.2807,12.926,0.35469999999999935,2.7441,33281.01,44196.66,0.7812,13.1664,33160.704,13.0521,33374.715,12.8994,28853.435,13.0508,34807.1923,13.4789,52868.422,,,,
190,20201019,002782.SZ,13.1329,13.3694,12.9063,12.926,13.064,-0.1379999999999999,-1.0563,30441.61,40427.193,0.7146,13.1999,36073.08,12.9605,31703.476,12.8832,28895.9095,13.0797,35542.692,13.4907,54014.4002,,,,
191,20201016,002782.SZ,13.2906,13.3103,12.926,13.064,13.261,-0.19699999999999918,-1.4856,36632.87,48629.084,0.8599,13.3044,41395.602,12.9182,30593.328,12.8679,28591.179,13.1168,36346.405,13.4976,55024.6888,,,,
192,20201015,002782.SZ,13.4581,13.4975,13.2216,13.261,13.3004,-0.039400000000000546,-0.2962,37696.03,50981.979,0.8849,13.2571,39072.944,12.863,29851.141,12.8339,28979.8945,13.1464,37044.6313,13.4989,56877.0373,,,,
193,20201014,002782.SZ,13.3497,13.4285,13.2315,13.3004,13.4482,-0.14780000000000015,-1.099,27752.0,37504.161,0.6515,13.0896,34743.204,12.8186,29143.624,12.8117,30498.1715,13.1569,38505.361,13.516,59228.4843,,,,
194,20201013,002782.SZ,13.3989,13.4778,13.1822,13.4482,13.4482,0.0,0.0,47842.89,64852.9,1.1231,12.9379,33588.726,12.7635,29359.51,12.8246,31540.121,13.1914,40049.1,13.5323,61377.6288,,,,
195,20201012,002782.SZ,13.1034,13.4482,13.0049,13.4482,12.8275,0.6206999999999994,4.8388,57054.22,76747.173,1.3393,12.7211,27333.872,12.7034,26747.521,12.8324,31505.4265,13.2124,40482.594,13.5569,62811.713,,,,
196,20201009,002782.SZ,12.6009,12.8768,12.5319,12.8275,12.4236,0.40390000000000015,3.2511,25019.58,32409.425,0.5873,12.532,19791.054,12.66,23511.499,12.8497,30727.5655,13.2226,39858.8427,13.5723,64364.2793,,,,
197,20200930,002782.SZ,12.5418,12.5615,12.2758,12.4236,12.5418,-0.11819999999999986,-0.9424,16047.33,20222.281,0.3767,12.4689,20629.338,12.6679,23611.946,12.897,31981.6615,13.2505,40104.4567,13.5948,65938.7062,,,,
198,20200929,002782.SZ,12.4236,12.6206,12.2659,12.5418,12.3645,0.17730000000000068,1.4339,21979.61,27838.37,0.516,12.5477,23544.044,12.7083,24319.013,12.9797,34502.645,13.2879,40984.8513,13.6209,67552.3258,,,,
199,20200928,002782.SZ,12.463,12.5911,12.2659,12.3645,12.5024,-0.13790000000000013,-1.103,16568.62,20855.203,0.3889,12.5891,25130.294,12.7467,24332.155,13.0502,35523.431,13.3339,41500.581,13.642,69975.8647,,,,
200,20200925,002782.SZ,12.5615,12.6108,12.2955,12.5024,12.5122,-0.009800000000000253,-0.0783,19340.13,24468.709,0.454,12.6856,26161.17,12.8058,26088.343,13.1393,37462.3,13.3845,42467.1603,13.6679,72399.2207,,,,
201,20200924,002782.SZ,12.8965,12.9556,12.5024,12.5122,12.8177,-0.3055000000000003,-2.3834,29211.0,37470.342,0.6857,12.7881,27231.944,12.8177,26589.03,13.2162,39222.9435,13.4232,43193.248,,,,,,
202,20200923,002782.SZ,13.0049,13.2019,12.7684,12.8177,12.7487,0.06900000000000084,0.5412,30620.86,40223.814,0.7188,12.8669,26594.554,12.8048,28108.648,13.2881,40641.3765,13.4548,44096.248,,,,,,
203,20200922,002782.SZ,12.8472,12.995,12.6994,12.7487,12.8472,-0.09850000000000136,-0.7667,29910.86,38997.448,0.7021,12.8689,25093.982,12.8048,31852.719,13.326,43186.2295,13.4722,45153.875,,,,,,
204,20200921,002782.SZ,13.0935,13.0935,12.8374,12.8472,13.0147,-0.16749999999999865,-1.287,21723.0,28535.505,0.5099,12.9043,23534.016,12.8856,33720.732,13.4053,45393.895,13.4984,46758.763,,,,,,
205,20200918,002782.SZ,12.8768,13.0246,12.7783,13.0147,12.9063,0.10839999999999961,0.8399,24694.0,32420.782,0.5601,12.926,26015.516,12.9615,36263.332,13.4669,47350.1305,13.5365,47735.0463,,,,,,
206,20200917,002782.SZ,12.7585,12.995,12.6009,12.9063,12.8275,0.07879999999999932,0.6143,26024.05,33861.164,0.6109,12.8472,25946.116,13.0393,37943.632,13.5039,48032.5145,13.5697,49936.1843,,,,,,
207,20200916,002782.SZ,13.0541,13.0935,12.7388,12.8275,12.926,-0.09849999999999959,-0.762,23118.0,30076.96,0.5427,12.7428,29622.742,13.126,40351.377,13.5418,48350.712,13.6236,52648.8203,,,,,,
208,20200915,002782.SZ,13.0443,13.0443,12.7684,12.926,12.9556,-0.029600000000000293,-0.2285,22111.03,28943.554,0.519,12.7408,38611.456,13.2511,44686.277,13.5777,49317.7705,13.6886,55985.8537,,,,,,
209,20200914,002782.SZ,12.6994,13.0049,12.6206,12.9556,12.6206,0.33500000000000085,2.6544,34130.5,44497.622,0.8012,12.8669,43907.448,13.3536,46714.707,13.6275,50084.794,13.7323,58116.2043,,,,,,
210,20200911,002782.SZ,12.3152,12.66,12.2462,12.6206,12.3842,0.23639999999999972,1.9089,24347.0,30871.626,0.5715,12.997,46511.148,13.4728,48836.257,13.6738,50656.569,13.7865,60324.91,,,,,,
211,20200910,002782.SZ,12.9457,13.0246,12.3546,12.3842,12.8177,-0.43350000000000044,-3.382,44407.18,57080.051,1.0424,13.2315,49941.148,13.6147,51856.857,13.726,51495.357,13.8416,62601.049,,,,,,
212,20200909,002782.SZ,13.3497,13.5467,12.6896,12.8177,13.5566,-0.7388999999999992,-5.4505,68061.57,90503.593,1.5977,13.5093,51080.012,13.7714,53174.105,13.7797,52090.048,13.9004,64206.9763,,,,,,
213,20200908,002782.SZ,13.793,13.8423,13.3201,13.5566,13.6058,-0.0492000000000008,-0.3616,48590.99,66938.107,1.1406,13.7615,50761.098,13.8472,54519.74,13.8058,51804.453,13.9441,65655.8443,,,,,,
214,20200907,002782.SZ,13.6847,14.1379,13.5467,13.6058,13.793,-0.18719999999999892,-1.3572,47149.0,66178.786,1.1068,13.8403,49521.966,13.925,57067.058,13.8048,53277.7785,13.9424,65673.2613,,,,,,
215,20200904,002782.SZ,13.5073,13.9211,13.3595,13.793,13.7733,0.019699999999998496,0.143,41497.0,57648.309,0.9741,13.9487,51161.366,13.9723,58436.929,13.8241,53470.9035,13.9349,66100.184,,,,,,
216,20200903,002782.SZ,14.0689,14.0689,13.7241,13.7733,14.0787,-0.3053999999999988,-2.1692,50101.5,70404.664,1.1761,13.9979,53772.566,13.9684,58121.397,13.8349,55932.4605,13.9099,67570.234,,,,,,
217,20200902,002782.SZ,14.0196,14.3447,14.0098,14.0787,13.9507,0.1280000000000001,0.9175,66467.0,95707.371,1.5603,14.0334,55268.198,13.9575,56350.047,13.8723,58797.542,13.9099,68572.6673,,,,,,
218,20200901,002782.SZ,14.0886,14.1379,13.7832,13.9507,14.1477,-0.19700000000000095,-1.3925,42395.33,59905.517,0.9952,13.9329,58278.382,13.9043,53949.264,13.9073,61635.642,13.904,69231.4427,,,,,,
219,20200831,002782.SZ,14.1083,14.2265,14.0098,14.1477,14.0393,0.10839999999999961,0.7721,55346.0,79401.164,1.2992,14.0098,64612.15,13.9014,53454.881,13.9216,63816.953,13.907,70929.6517,,,,,,
220,20200828,002782.SZ,13.931,14.1773,13.8817,14.0393,13.9507,0.08860000000000134,0.6351,54553.0,77641.084,1.2806,13.996,65712.492,13.8748,52476.881,13.9433,66069.2365,13.9017,72486.1083,,,,,,
221,20200827,002782.SZ,13.6452,14.059,13.4482,13.9507,13.5763,0.3743999999999996,2.7577,57579.66,80993.29,1.3516,13.9388,62470.228,13.8374,51133.857,13.9551,67973.145,13.8784,73702.9727,,,,,,
222,20200826,002782.SZ,14.1871,14.1871,13.4975,13.5763,14.3349,-0.7585999999999995,-5.292,81517.92,113644.854,1.9136,13.8817,57431.896,13.7881,51005.991,13.9649,69723.412,13.8515,76709.4433,,,,,,
223,20200825,002782.SZ,14.0787,14.4236,14.0393,14.3349,14.0787,0.25619999999999976,1.8198,74064.17,107093.143,1.7386,13.8758,49620.146,13.7644,49089.166,13.9925,71223.8965,13.8751,79951.6077,,,,,,
224,20200824,002782.SZ,13.862,14.2265,13.7832,14.0787,13.7536,0.32509999999999906,2.3637,60847.71,86687.198,1.4284,13.793,42297.612,13.6846,49488.499,13.9511,69976.363,13.8732,82706.1577,,,,,,
225,20200821,002782.SZ,13.7142,13.9605,13.6452,13.7536,13.6649,0.08870000000000111,0.6491,38341.68,53580.726,0.9,13.7536,39241.27,13.6758,48504.878,13.9162,69931.8115,13.9014,85140.832,,,,,,
226,20200820,002782.SZ,13.4778,13.7339,13.3595,13.6649,13.5467,0.11819999999999986,0.8725,32388.0,44597.784,0.7603,13.7359,39797.486,13.7014,53743.524,13.8807,72294.6525,13.9221,88869.716,,,,,,
227,20200819,002782.SZ,13.9211,13.9704,13.527,13.5467,13.9211,-0.3743999999999996,-2.6894,42459.17,59132.028,0.9967,13.6945,44580.086,13.7871,61245.037,13.8861,74683.9775,13.9392,91772.9557,,,,,,
228,20200818,002782.SZ,13.8817,14.0196,13.793,13.9211,13.8817,0.03939999999999877,0.2838,37451.5,52899.398,0.8791,13.6531,48558.186,13.9103,69322.02,13.9039,76872.532,13.9539,94119.8003,,,,,,
229,20200817,002782.SZ,13.7635,13.931,13.6452,13.8817,13.6649,0.216800000000001,1.5865,45566.0,63873.54,1.0696,13.5763,56679.386,13.9418,74179.025,13.9098,79667.037,13.95,98451.1483,,,,,,
230,20200814,002782.SZ,13.4088,13.6748,13.3398,13.6649,13.4581,0.20679999999999943,1.5366,41122.76,56360.198,0.9653,13.598,57768.486,14.0118,79661.592,13.9152,82490.722,13.9513,102331.281,,,,,,
231,20200813,002782.SZ,13.3694,13.7241,13.3694,13.4581,13.3398,0.11829999999999963,0.8868,56301.0,77337.887,1.3216,13.6669,67689.562,14.0728,84812.433,13.8989,84987.5305,,,,,,,,
232,20200812,002782.SZ,13.3694,13.4581,13.0049,13.3398,13.5369,-0.19709999999999894,-1.456,62349.67,83631.578,1.4636,13.8797,77909.988,14.1418,88440.833,13.8832,89561.1695,,,,,,,,
233,20200811,002782.SZ,14.0689,14.1674,13.3989,13.5369,13.9901,-0.4532000000000007,-3.2394,78057.5,108621.027,1.8323,14.1674,90085.854,14.2206,93358.627,13.9305,95382.8285,,,,,,,,
234,20200810,002782.SZ,13.8521,14.2364,13.8226,13.9901,14.0098,-0.019700000000000273,-0.1406,51011.5,72514.622,1.1975,14.3073,91678.664,14.2177,90464.227,13.9674,99314.987,,,,,,,,
235,20200807,002782.SZ,14.4531,14.4728,13.8029,14.0098,14.5221,-0.5122999999999998,-3.5277,90728.14,129735.283,2.1298,14.4255,101554.698,14.1566,91358.745,14.0142,103458.809,,,,,,,,
236,20200806,002782.SZ,14.7782,14.9753,14.4827,14.5221,14.7782,-0.2561,-1.733,107403.13,159786.423,2.5212,14.4787,101935.304,14.06,90845.781,14.0324,106432.812,,,,,,,,
237,20200805,002782.SZ,14.2462,14.8571,14.0984,14.7782,14.2364,0.5418000000000003,3.8057,123229.0,181993.804,2.8927,14.4039,98971.678,13.9851,88122.918,14.0152,107036.915,,,,,,,,
238,20200804,002782.SZ,14.6108,14.6305,14.1576,14.2364,14.5812,-0.3448000000000011,-2.3647,86021.55,125075.231,2.0193,14.2738,96631.4,13.8975,84423.044,13.9758,106518.6905,,,,,,,,
239,20200803,002782.SZ,14.3447,14.66,14.2364,14.5812,14.2758,0.30540000000000056,2.1393,100391.67,147293.351,2.3566,14.128,89249.79,13.8778,85155.049,13.9541,110587.21,,,,,,,,
240,20200731,002782.SZ,13.9901,14.325,13.8915,14.2758,14.1477,0.12809999999999988,0.9054,92631.17,133313.301,2.1744,13.8876,81162.792,13.8186,85319.852,13.9211,113666.1255,,,,,,,,
241,20200730,002782.SZ,14.1871,14.3447,13.9999,14.1477,14.128,0.019700000000000273,0.1394,92585.0,133212.482,2.1734,13.6413,79756.258,13.725,85162.628,,,,,,,,,,
242,20200729,002782.SZ,13.4088,14.1477,13.2512,14.128,13.5073,0.6206999999999994,4.5953,111527.61,156946.998,2.618,13.5664,77274.158,13.6245,90681.506,,,,,,,,,,
243,20200728,002782.SZ,13.5664,13.6255,13.2216,13.5073,13.3792,0.12809999999999988,0.9575,49113.5,66729.783,1.1529,13.5211,72214.688,13.6403,97407.03,,,,,,,,,,
244,20200727,002782.SZ,13.0738,13.4679,12.9654,13.3792,13.0443,0.3349000000000011,2.5674,59956.68,80859.289,1.4074,13.6275,81060.308,13.7172,108165.747,,,,,,,,,,
245,20200724,002782.SZ,13.7044,13.8718,13.0344,13.0443,13.7733,-0.729000000000001,-5.2928,85598.5,116579.505,2.0094,13.7497,89476.912,13.8718,115558.873,,,,,,,,,,
246,20200723,002782.SZ,13.7339,13.9802,13.4581,13.7733,13.9014,-0.12809999999999988,-0.9215,80174.5,111472.444,1.882,13.8088,90568.998,14.0048,122019.843,,,,,,,,,,
247,20200722,002782.SZ,13.9802,14.2265,13.8423,13.9014,14.0393,-0.13790000000000013,-0.9822,86230.26,123015.916,2.0242,13.6827,104088.854,14.0452,125950.912,,,,,,,,,,
248,20200721,002782.SZ,13.9901,14.4334,13.9014,14.0393,13.9901,0.0492000000000008,0.3517,93341.6,133917.857,2.1911,13.7595,122599.372,14.0541,128614.337,,,,,,,,,,
249,20200720,002782.SZ,13.5664,14.1379,13.4186,13.9901,13.3398,0.6502999999999997,4.8749,102039.7,142668.33,2.3953,13.8068,135271.186,14.0305,136019.371,,,,,,,,,,
250,20200717,002782.SZ,13.1526,13.3989,12.8669,13.3398,13.1428,0.19700000000000095,1.4989,91058.93,121825.69,2.1375,13.994,141640.834,14.0236,142012.399,,,,,,,,,,
251,20200716,002782.SZ,14.197,14.4039,13.0147,13.1428,14.2856,-1.1428000000000011,-7.9997,147773.78,204263.761,3.4689,14.2009,153470.688,,,,,,,,,,,,
252,20200715,002782.SZ,14.5812,15.2708,14.2659,14.2856,14.2758,0.009800000000000253,0.0686,178782.85,265461.368,4.1968,14.4078,147812.97,,,,,,,,,,,,
253,20200714,002782.SZ,14.9162,14.9162,13.9211,14.2758,14.926,-0.6501999999999999,-4.3562,156700.67,228201.459,3.6784,14.3487,134629.302,,,,,,,,,,,,
254,20200713,002782.SZ,14.4334,14.9457,14.4334,14.926,14.3743,0.5517000000000003,3.8381,133887.94,200342.043,3.1429,14.2541,136767.556,,,,,,,,,,,,
255,20200710,002782.SZ,14.1871,14.729,14.0393,14.3743,14.1773,0.19699999999999918,1.3895,150208.2,219441.124,3.526,14.0531,142383.964,,,,,,,,,,,,
256,20200709,002782.SZ,13.9901,14.2068,13.8718,14.1773,13.9901,0.1872000000000007,1.3381,119485.19,170444.139,2.8048,,,,,,,,,,,,,,
257,20200708,002782.SZ,13.8029,14.2265,13.7536,13.9901,13.8029,0.1872000000000007,1.3562,112864.51,160201.464,2.6494,,,,,,,,,,,,,,
258,20200707,002782.SZ,13.931,14.4334,13.7044,13.8029,13.9211,-0.11819999999999986,-0.8491,167391.94,238395.717,3.9294,,,,,,,,,,,,,,
259,20200706,002782.SZ,13.4581,14.3349,13.4581,13.9211,13.4186,0.5024999999999995,3.7448,161969.98,228807.046,3.8021,,,,,,,,,,,,,,
