,trade_date,ts_code,open,high,low,close,pre_close,change,pct_chg,vol,amount,turnover_rate,ma5,ma_v_5,ma10,ma_v_10,ma20,ma_v_20,ma30,ma_v_30,ma60,ma_v_60,ma120,ma_v_120,ma250,ma_v_250
0,20210727,300420.SZ,3.9,3.94,3.81,3.81,3.94,-0.1299999999999999,-3.2995,290884.78,112451.739,2.8053,3.984,250001.016,4.031,292784.362,4.064,319581.404,4.0938,331092.7363,4.3224,460255.0835,4.1141,291073.5438,4.6568,279123.3955
1,20210726,300420.SZ,3.99,4.02,3.89,3.94,4.0,-0.06000000000000005,-1.5,246647.49,97719.096,2.3787,4.038,255784.324,4.059,287743.789,4.078,324766.361,4.1071,336079.2437,4.3248,456365.4005,4.1151,289264.454,4.6614,278926.9225
2,20210723,300420.SZ,4.07,4.07,3.99,4.0,4.06,-0.05999999999999961,-1.4778,238298.8,95695.322,2.2982,4.09,318325.95,4.076,292504.409,4.0845,329993.448,4.1138,335692.8747,4.3257,453547.2657,4.1149,288167.5382,4.6657,279403.6945
3,20210722,300420.SZ,4.1,4.1,4.05,4.06,4.11,-0.05000000000000071,-1.2165,220398.37,89616.426,2.1256,4.106,347315.464,4.079,290726.187,4.086,334404.545,4.118,336264.968,4.3262,451158.1848,4.1151,287092.7566,4.6711,280613.1901
4,20210721,300420.SZ,4.07,4.13,4.06,4.11,4.08,0.03000000000000025,0.7353,253775.64,103706.045,2.4475,4.096,343830.702,4.074,294645.798,4.0855,341710.103,4.1196,337567.4357,4.3247,449273.682,4.1156,286076.5452,4.6765,282752.123
5,20210720,300420.SZ,4.12,4.14,4.05,4.08,4.2,-0.1200000000000001,-2.8571,319801.32,130341.687,3.0842,4.078,335567.708,4.069,289948.978,4.0885,346267.163,4.1199,345821.161,4.3233,447360.7575,4.116,284828.3932,4.6815,282807.3296
6,20210719,300420.SZ,4.11,4.28,4.1,4.2,4.08,0.1200000000000001,2.9412,559355.62,234011.132,5.3945,4.08,319703.254,4.067,287877.946,4.0965,345692.077,4.1252,350490.8613,4.3236,444786.7258,4.1164,283472.9733,4.6846,282777.0878
7,20210716,300420.SZ,4.01,4.11,3.97,4.08,4.01,0.07000000000000028,1.7456,383246.37,155277.111,3.6961,4.062,266682.868,4.059,257167.644,4.0966,329787.766,4.1296,346590.973,4.3234,439499.5588,4.1162,280128.3098,4.6874,282005.8404
8,20210715,300420.SZ,4.02,4.02,3.97,4.01,4.02,-0.009999999999999787,-0.2488,202974.56,81136.12,1.9575,4.052,234136.91,4.059,245029.427,4.1012,325278.985,4.136,345142.8183,4.3261,436876.3327,4.1155,277961.5101,4.6904,281722.6843
9,20210714,300420.SZ,4.09,4.09,4.02,4.02,4.09,-0.07000000000000028,-1.7115,212460.67,85989.145,2.049,4.052,245460.894,4.069,274282.111,4.1119,330620.087,4.1444,353823.2963,4.3272,434719.6267,4.1149,277195.602,4.693,282144.1001
10,20210713,300420.SZ,4.1,4.1,4.05,4.09,4.11,-0.020000000000000462,-0.4866,240479.05,97871.788,2.3192,4.06,244330.248,4.097,346378.446,4.1252,350246.9235,4.1541,363953.7473,4.3273,432661.8422,4.1137,276743.8376,4.6955,282319.5169
11,20210712,300420.SZ,4.04,4.12,4.03,4.11,4.03,0.08000000000000007,1.9851,294253.69,119935.414,2.8378,4.054,256052.638,4.097,361788.933,4.1312,360246.971,4.1639,373372.1877,4.3278,430436.9082,4.113,276092.4562,,
12,20210709,300420.SZ,3.99,4.05,3.97,4.03,4.01,0.020000000000000462,0.4988,220516.58,88255.98,2.1267,4.056,247652.42,4.093,367482.487,4.1327,357287.1075,4.1718,383737.3433,4.3283,429558.9605,4.1117,275312.6645,,
13,20210708,300420.SZ,4.05,4.06,4.0,4.01,4.06,-0.04999999999999982,-1.2315,259594.48,104378.45,2.5036,4.066,255921.944,4.093,378082.903,4.1375,359034.3585,4.1867,403906.3803,4.3291,429119.3108,4.1133,274629.1847,,
14,20210707,300420.SZ,4.03,4.1,4.02,4.06,4.06,0.0,0.0,206807.44,84004.545,1.9945,4.086,303103.328,4.097,388774.408,4.1425,359028.2545,4.2061,417360.276,4.3286,425683.3063,4.1148,274281.7021,,
15,20210706,300420.SZ,4.1,4.11,4.02,4.06,4.12,-0.0600000000000005,-1.4563,299091.0,121281.774,2.8845,4.134,448426.644,4.108,402585.348,4.1453,373757.2525,4.2244,439698.2393,4.3272,423742.0088,4.1181,273650.3608,,
16,20210705,300420.SZ,4.09,4.12,4.05,4.12,4.08,0.040000000000000036,0.9804,252252.6,103144.956,2.4328,4.14,467525.228,4.126,403506.208,4.1543,381797.319,4.2505,480175.0807,4.3276,420704.7805,4.122,272200.1767,,
17,20210702,300420.SZ,4.09,4.14,4.05,4.08,4.11,-0.03000000000000025,-0.7299,261864.2,106824.067,2.5255,4.13,487312.554,4.1342,402407.888,4.1649,391302.6375,4.2972,515607.2677,4.3258,417527.2685,4.1257,271218.4262,,
18,20210701,300420.SZ,4.24,4.25,4.11,4.11,4.3,-0.1899999999999995,-4.4186,495501.4,207297.257,4.7787,4.12,500243.862,4.1433,405528.543,4.1745,395199.514,4.3543,528218.9603,4.3245,414411.6418,4.1289,270109.6412,,
19,20210630,300420.SZ,4.1,4.39,4.09,4.3,4.09,0.20999999999999996,5.1345,933424.02,398373.027,9.0021,4.108,474445.488,4.1548,386958.063,4.1821,393593.889,4.4124,543979.629,4.3228,407400.0952,4.1311,266571.6095,,
20,20210629,300420.SZ,4.04,4.15,4.01,4.09,4.07,0.019999999999999574,0.4914,394583.92,161174.336,3.8054,4.082,356744.052,4.1534,354115.401,4.1826,372741.398,4.4622,551739.4827,4.3186,393749.7947,4.1319,259580.2431,,
21,20210628,300420.SZ,4.03,4.08,3.97,4.07,4.03,0.040000000000000036,0.9926,351189.23,140917.723,3.3869,4.112,339487.188,4.1653,358705.009,4.1974,379163.815,4.5109,587143.3773,4.3168,388760.4493,4.1337,257255.772,,
22,20210625,300420.SZ,4.05,4.09,4.0,4.03,4.05,-0.019999999999999574,-0.4938,326520.74,131606.354,3.149,4.1384,317503.222,4.1724,347091.728,4.2112,391864.7715,4.5538,622424.2917,4.3158,385211.6022,4.1362,255092.0448,,
23,20210624,300420.SZ,4.15,4.15,4.04,4.05,4.17,-0.1200000000000001,-2.8777,366509.53,149578.596,3.5347,4.1666,310813.224,4.1819,339985.814,4.2336,416818.119,4.5715,632082.7903,4.3172,382645.0765,4.1387,253666.6837,,
24,20210623,300420.SZ,4.25,4.25,4.15,4.17,4.24,-0.07000000000000028,-1.6509,344916.84,144058.618,3.3264,4.2016,299470.638,4.1879,329282.101,4.2607,431653.21,4.5796,626691.0053,4.3192,381860.1503,4.1425,251404.888,,
25,20210622,300420.SZ,4.2095,4.2707,4.1789,4.2401,4.2018,0.03829999999999956,0.9115,308299.6,170224.443,3.8653,4.2248,351486.75,4.1827,344929.157,4.2826,458254.685,4.5825,621872.7507,4.318,384045.7142,4.1451,249677.0277,,
26,20210621,300420.SZ,4.1559,4.2248,4.1406,4.2018,4.1712,0.030600000000000627,0.7336,241269.4,132021.249,3.0249,4.2187,377922.83,4.1827,360088.43,4.3128,518509.517,4.5838,625350.866,4.3122,381786.0008,4.1484,247984.646,,
27,20210618,300420.SZ,4.2171,4.2248,4.1176,4.1712,4.2248,-0.053600000000000314,-1.2687,293070.75,159123.875,3.6744,4.2064,376680.234,4.1957,380197.387,4.3786,572206.9575,4.5784,622072.749,4.3055,379206.9642,4.1518,246691.1285,,
28,20210617,300420.SZ,4.2478,4.2784,4.1712,4.2248,4.286,-0.06119999999999948,-1.4279,309796.6,170433.35,3.8841,4.1972,369158.404,4.2057,384870.485,4.4598,589564.169,4.5697,614724.224,4.2983,375278.605,4.156,245324.1872,,
29,20210616,300420.SZ,4.2478,4.3932,4.2248,4.286,4.2095,0.07649999999999935,1.8173,604997.4,340315.159,7.5851,4.1743,359093.564,4.2095,400229.715,4.5413,622490.412,4.5613,607744.8373,4.2905,371127.9017,4.1595,243963.1506,,
30,20210615,300420.SZ,4.1406,4.2478,4.0335,4.2095,4.1406,0.06890000000000018,1.664,440480.0,239236.99,6.854,4.1406,338371.564,4.2118,391367.395,4.6167,650551.5235,4.5511,589417.4307,4.2826,362190.5517,4.1637,239410.5639,,
31,20210611,300420.SZ,4.1406,4.1942,4.11,4.1406,4.1253,0.01529999999999987,0.3709,235056.42,127618.419,3.6576,4.1467,342254.03,4.2294,399622.621,4.6836,701362.5615,4.5424,576651.5573,4.2762,356393.7598,4.1685,236458.6649,,
32,20210610,300420.SZ,4.11,4.1559,4.087,4.1253,4.11,0.01529999999999987,0.3723,255461.6,137696.048,3.9751,4.185,383714.54,4.25,436637.815,4.7445,760090.5735,4.5376,571401.6567,4.2691,353662.5428,4.1737,236036.8791,,
33,20210609,300420.SZ,4.0717,4.1406,4.0717,4.11,4.1176,-0.007600000000000051,-0.1846,259472.4,139114.198,4.0375,4.2141,400582.566,4.2853,493650.424,4.7663,778131.2785,4.5345,566051.4017,4.2631,350824.8028,4.1805,234679.5708,,
34,20210608,300420.SZ,4.2478,4.2784,4.0947,4.1176,4.2401,-0.12249999999999961,-2.8891,501387.4,272986.604,7.8018,4.2447,441365.866,4.3335,534024.319,4.7755,775395.4575,4.5297,560979.9283,4.2582,347918.8662,4.1879,233579.6508,,
35,20210607,300420.SZ,4.3396,4.3473,4.2325,4.2401,4.3319,-0.0918000000000001,-2.1192,459892.33,256352.131,7.1561,4.283,444363.226,4.3825,571580.213,4.7824,760344.5475,4.5266,548900.354,4.2526,341224.0595,4.1963,230123.9281,,
36,20210604,300420.SZ,4.2707,4.3702,4.2554,4.3319,4.2707,0.061200000000000365,1.433,442358.97,250138.646,6.8833,4.312,456991.212,4.4429,676930.604,4.7843,757982.084,4.522,539082.5903,4.2464,335697.4135,4.2038,227332.3455,,
37,20210603,300420.SZ,4.2631,4.3243,4.2478,4.2707,4.2631,0.007600000000000051,0.1783,339801.73,190151.826,5.2875,4.3151,489561.09,4.5616,764216.528,4.7697,743010.43,4.5172,532408.1447,4.2402,331020.9373,4.2104,224411.7908,,
38,20210602,300420.SZ,4.3013,4.3549,4.2554,4.2631,4.309,-0.045900000000000496,-1.0652,463388.9,260043.048,7.2105,4.3565,586718.282,4.7139,794257.853,4.7518,729651.0935,4.5162,528609.847,4.2365,328435.219,4.2174,222783.4975,,
39,20210601,300420.SZ,4.3702,4.3779,4.286,4.309,4.3855,-0.07650000000000023,-1.7444,516374.2,291403.324,8.035,4.4223,626682.772,4.8731,844751.109,4.7372,711502.3985,4.51,515615.957,4.2311,323020.0773,4.2249,220490.0983,,
40,20210531,300420.SZ,4.3473,4.4008,4.286,4.3855,4.3473,0.03820000000000068,0.8787,523032.26,297231.364,8.1386,4.482,698797.2,5.0215,909735.652,4.7208,688442.4485,4.5006,501369.937,4.2249,317402.8207,4.2326,217842.32,,
41,20210528,300420.SZ,4.4468,4.4774,4.3319,4.3473,4.4774,-0.13010000000000055,-2.9057,605208.36,347715.279,9.4173,4.5738,896869.996,5.1379,1003102.502,4.6989,665166.0255,4.4917,487501.6287,4.2161,310170.8997,4.2397,215920.375,,
42,20210527,300420.SZ,4.5769,4.5769,4.4008,4.4774,4.5922,-0.11479999999999979,-2.4999,825587.69,483216.457,12.8465,4.808,1038871.966,5.2389,1083543.332,4.6813,638783.5775,4.4848,475380.5777,4.2089,301947.507,4.248,215747.0826,,
43,20210526,300420.SZ,4.6304,4.6611,4.5462,4.5922,4.6075,-0.01529999999999987,-0.3321,663211.35,398572.841,10.3198,5.0713,1001797.424,5.2473,1062612.133,4.6591,602251.8905,4.4715,454332.2413,4.199,290532.7998,4.255,211514.6968,,
44,20210525,300420.SZ,4.7682,4.8141,4.5462,4.6075,4.8447,-0.23719999999999963,-4.8961,876946.34,531771.502,13.6456,5.3239,1062819.446,5.2175,1016766.596,4.6278,574457.733,4.4511,434006.3367,4.1853,280924.8673,4.2594,207640.9589,,
45,20210524,300420.SZ,5.3805,5.6178,4.5998,4.8447,5.5183,-0.6736000000000004,-12.2067,1513396.24,976822.083,23.5491,5.5611,1120674.104,5.1823,949108.882,4.5987,537560.4245,4.4299,407785.7783,4.1729,267640.6693,4.265,201904.6349,,
46,20210521,300420.SZ,5.7479,6.077,5.2045,5.5183,5.7938,-0.2755000000000001,-4.7551,1315218.21,971326.914,20.4653,5.702,1109335.008,5.1256,839033.564,4.5616,470158.5835,4.4047,361234.4803,4.1564,244067.1763,4.2677,190509.1162,,
47,20210520,300420.SZ,5.7173,5.8933,5.6254,5.7938,5.855,-0.061200000000000365,-1.0453,640214.98,481238.183,9.962,5.6698,1128214.698,4.9779,721804.332,4.495,416503.953,4.3544,319447.2693,4.1296,224779.477,4.265,181363.4645,,
48,20210519,300420.SZ,5.7861,5.9622,5.5565,5.855,5.7938,0.061200000000000365,1.0563,968321.46,727277.682,15.0675,5.4234,1123426.842,4.7896,665044.334,4.4173,395785.844,4.2947,300604.3233,4.0974,216247.8248,4.2613,178000.0063,,
49,20210518,300420.SZ,5.5795,5.9928,5.4723,5.7938,5.5489,0.24490000000000034,4.4135,1166219.63,877046.786,18.1468,5.1111,970713.746,4.6014,578253.688,4.3285,351048.381,4.2332,270820.5613,4.0623,202402.5425,4.2564,171293.9409,,
50,20210517,300420.SZ,5.2733,5.8014,5.1279,5.5489,5.3575,0.1913999999999998,3.5726,1456700.76,1053497.378,22.6669,4.8034,777543.66,4.42,467149.245,4.2401,297187.0795,4.1751,235760.1067,4.0259,184347.1787,4.2518,163734.555,,
51,20210514,300420.SZ,4.7835,5.4341,4.7835,5.3575,4.5616,0.7958999999999996,17.4478,1409616.66,954601.527,21.9342,4.5493,568732.12,4.26,327229.549,4.1685,229701.192,4.1227,190377.5213,3.9928,161567.946,4.2485,154531.6182,,
52,20210513,300420.SZ,4.2554,4.7299,4.2325,4.5616,4.2937,0.2679,6.2394,616275.7,366059.401,9.5895,4.286,315393.966,4.1238,194023.823,4.1077,171299.2005,4.0778,147998.9127,3.9619,139236.8917,4.2469,143959.7533,,
53,20210512,300420.SZ,4.2325,4.3626,4.2095,4.2937,4.2554,0.038300000000000445,0.9,204755.98,114851.461,3.1861,4.1559,206661.826,4.071,141891.648,4.0836,150192.2955,4.0628,133207.3627,3.9453,130401.62,4.2517,140240.7031,,
54,20210511,300420.SZ,4.2554,4.309,4.1942,4.2554,4.2784,-0.023000000000000576,-0.5376,200369.2,111296.193,3.1178,4.0916,185793.63,4.0381,132148.87,4.0679,142626.207,4.0587,137029.2953,3.9331,128772.3745,4.2592,140466.9569,,
55,20210510,300420.SZ,4.0488,4.3932,3.9875,4.2784,4.0411,0.2373000000000003,5.8722,412643.06,228014.859,6.4209,4.0365,156754.83,4.0151,126011.967,4.0537,137124.2265,4.0536,146218.6777,3.9225,126949.7212,4.2684,142179.5356,,
56,20210507,300420.SZ,3.9187,4.0488,3.911,4.0411,3.911,0.1301000000000001,3.3265,142925.89,74686.079,2.224,3.9707,85726.978,3.9975,101283.603,4.0442,122334.9385,4.0406,138221.1357,3.9135,121340.9515,4.28,141891.9521,,
57,20210506,300420.SZ,3.9646,3.9799,3.911,3.911,3.9722,-0.06119999999999992,-1.5407,72615.0,37337.939,1.1299,3.9615,72653.68,4.012,111203.574,4.0426,118268.738,4.0327,136341.1793,3.9083,121492.258,4.2932,144490.868,,
58,20210430,300420.SZ,3.9646,4.0717,3.9416,3.9722,3.9799,-0.007700000000000262,-0.1935,100415.0,52531.574,1.5625,3.986,77121.47,4.0449,126527.354,4.0472,118384.318,4.0268,135832.986,3.9079,121723.7442,4.3099,147831.294,,
59,20210429,300420.SZ,3.9646,3.9952,3.934,3.9799,3.9493,0.030600000000000183,0.7748,55175.2,28583.735,0.8585,3.9845,78504.11,4.0557,123843.074,4.0491,117103.998,4.0197,134510.966,3.9072,121767.9342,4.3251,150694.009,,
60,20210428,300420.SZ,3.9952,4.0182,3.9416,3.9493,3.9952,-0.04590000000000005,-1.1489,57503.8,29768.022,0.8948,3.9937,95269.104,4.0603,127224.914,4.0526,120065.5375,4.0141,134963.6727,3.9058,121892.0042,4.3418,154520.9307,,
61,20210427,300420.SZ,4.0105,4.0258,3.9416,3.9952,4.0335,-0.0383,-0.9495,77559.4,40314.571,1.2069,4.0243,116840.228,4.0771,132172.835,4.0541,121951.5075,4.01,136135.9623,3.9055,122163.5075,4.3594,159994.9406,,
62,20210426,300420.SZ,3.9646,4.0564,3.9646,4.0335,3.9646,0.06890000000000018,1.7379,94953.95,49786.456,1.4775,4.0625,149753.468,4.0916,148574.578,4.0549,124986.4575,4.0005,135923.429,3.9041,122787.8108,4.3743,165418.8649,,
63,20210423,300420.SZ,4.0105,4.0335,3.9493,3.9646,4.0258,-0.061200000000000365,-1.5202,107328.2,55828.168,1.6091,4.1039,175933.238,4.0962,158492.943,4.0587,128865.22,3.9916,135598.204,3.904,123027.3283,4.3877,167544.9933,,
64,20210422,300420.SZ,4.0794,4.1483,4.0182,4.0258,4.1023,-0.07649999999999935,-1.8648,139000.17,73954.205,2.0839,4.1268,169182.038,4.0977,153103.544,4.069,139469.508,3.9868,134857.804,3.9065,122879.4083,4.4024,170239.0059,,
65,20210421,300420.SZ,4.1865,4.2478,4.087,4.1023,4.1865,-0.08420000000000005,-2.0112,165359.42,89707.321,2.4791,4.1268,159180.724,4.0924,148236.486,4.0729,156322.033,3.9786,133547.765,3.9087,122296.0288,4.4152,171377.5912,,
66,20210420,300420.SZ,4.2171,4.3932,4.1865,4.1865,4.2401,-0.053600000000000314,-1.2641,242125.6,135396.661,3.63,4.1299,147505.442,4.0909,143386.274,4.0621,156689.902,3.9707,132312.2367,3.9092,122159.2208,4.4279,173474.8645,,
67,20210419,300420.SZ,4.133,4.309,4.1176,4.2401,4.0794,0.1607000000000003,3.9393,225852.8,124225.733,3.386,4.1207,147395.688,4.0732,125333.902,4.043,148909.982,3.9633,129633.73,3.909,120757.0608,4.4381,173228.0278,,
68,20210416,300420.SZ,4.0182,4.11,4.0028,4.0794,4.0258,0.053599999999999426,1.3314,73572.2,39114.455,1.103,4.0886,141052.648,4.0495,110241.282,4.0178,140485.802,3.9569,128260.591,3.905,119046.6875,4.4476,173233.0928,,
69,20210415,300420.SZ,4.1023,4.1023,4.0105,4.0258,4.1176,-0.0918000000000001,-2.2295,88993.6,46955.547,1.3342,4.0687,137025.05,4.0426,110364.922,4.0017,139844.912,3.9521,130424.1977,3.9026,119671.5773,4.458,173965.8512,,
70,20210414,300420.SZ,4.0947,4.133,4.0411,4.1176,4.1406,-0.022999999999999687,-0.5555,106983.01,57191.032,1.6039,4.0579,137292.248,4.0449,112906.161,3.991,138833.052,3.9493,133435.7043,3.9,120825.833,4.4693,175295.5018,,
71,20210413,300420.SZ,4.0641,4.2554,4.0641,4.1406,4.0794,0.061200000000000365,1.5002,241576.83,131377.753,3.6218,4.0518,139267.106,4.0312,111730.18,3.9764,138117.526,3.9406,132840.1707,3.8982,121748.0043,4.4783,175448.5967,,
72,20210412,300420.SZ,3.9875,4.1176,3.911,4.0794,3.9799,0.09949999999999948,2.5001,194137.6,102654.379,2.9105,4.0258,103272.116,4.0182,101398.337,3.955,129597.8545,3.9329,128514.4363,3.8951,121066.3685,4.488,174772.8482,,
73,20210409,300420.SZ,3.9722,4.0028,3.9416,3.9799,3.9722,0.007700000000000262,0.1938,53434.21,27733.115,0.8011,4.0105,79429.916,4.0212,99237.497,3.9393,124150.8345,3.9266,126733.3583,3.8975,120139.0585,4.4972,174292.0765,,
74,20210408,300420.SZ,4.0947,4.1023,3.9722,3.9722,4.087,-0.11479999999999979,-2.8089,90329.59,47380.655,1.3542,4.0166,83704.794,4.0403,125835.472,3.9313,125734.934,3.9194,127843.398,3.9009,122880.0978,4.5079,175346.3581,,
75,20210407,300420.SZ,4.0028,4.0947,3.9799,4.087,4.0105,0.07649999999999935,1.9075,116857.3,61860.528,1.7519,4.0319,88520.074,4.0534,164407.58,3.9217,126203.4045,3.9158,127495.5603,3.9091,123558.7128,4.5198,176085.6888,,
76,20210406,300420.SZ,4.0105,4.0258,3.9646,4.0105,4.0028,0.007700000000000706,0.1924,61601.88,32168.149,0.9235,4.0105,84193.254,4.0335,169993.53,3.9106,126775.218,3.9082,126899.8723,3.9164,123695.5728,4.5308,176902.167,,
77,20210402,300420.SZ,4.0182,4.0488,3.9722,4.0028,4.0105,-0.007700000000000706,-0.192,74926.6,39197.746,1.1233,4.0105,99524.558,4.0128,172486.062,3.9083,131783.644,3.9049,130111.6847,3.9255,124909.5838,4.5408,177773.9592,,
78,20210401,300420.SZ,4.0258,4.0411,3.9493,4.0105,4.0488,-0.03829999999999956,-0.946,74808.6,39040.021,1.1215,4.0319,119045.078,3.986,170730.322,3.9106,137270.2455,3.9,131891.3263,3.9333,125807.6405,4.5492,178182.9076,,
79,20210331,300420.SZ,3.9799,4.1023,3.9493,4.0488,3.9799,0.06889999999999974,1.7312,114405.99,60293.663,1.7152,4.0641,167966.15,3.9607,169324.902,3.9068,140453.8355,3.8914,133984.5237,3.9393,125743.1238,4.5584,178522.4392,,
80,20210330,300420.SZ,3.9799,4.0488,3.9416,3.9799,4.0105,-0.030600000000000183,-0.763,95223.2,49667.001,1.4276,4.0748,240295.086,3.937,164759.943,3.9014,143700.476,3.8768,132934.2507,3.9451,125410.6915,4.5668,178671.5327,,
81,20210329,300420.SZ,4.0947,4.11,3.9952,4.0105,4.11,-0.09949999999999992,-2.4209,138258.4,72867.878,2.0728,4.0564,255793.806,3.9217,164504.872,3.8953,143395.166,3.8628,132758.3707,3.9507,125751.0947,4.5758,179106.5193,,
82,20210326,300420.SZ,4.1023,4.1559,4.0335,4.11,4.1712,-0.06119999999999948,-1.4672,172529.2,92445.508,2.5866,4.0151,245447.566,3.8919,157797.372,3.8903,142072.486,3.8459,130474.8707,3.9565,124972.4875,4.5849,180561.8889,,
83,20210325,300420.SZ,3.9875,4.2325,3.934,4.1712,4.1023,0.06890000000000018,1.6795,319413.96,170399.883,4.7887,3.9401,222415.566,3.8574,149064.172,3.8792,140481.289,3.8278,127595.8773,3.9602,124688.2908,4.5961,180237.8383,,
84,20210324,300420.SZ,3.9416,4.3932,3.911,4.1023,3.888,0.2142999999999997,5.5118,476050.67,258605.376,7.137,3.8574,170683.654,3.8222,125634.396,3.859,128847.361,3.8074,120515.4537,3.9659,120949.6257,4.6066,178963.5687,,
85,20210323,300420.SZ,3.8115,3.9416,3.7579,3.888,3.8038,0.08420000000000005,2.2136,172716.8,86919.238,2.5894,3.7992,89224.8,3.7901,87999.229,3.8471,109039.5505,3.7913,107680.7647,3.9722,115308.3412,4.6181,176453.6756,,
86,20210322,300420.SZ,3.7273,3.8038,3.712,3.8038,3.735,0.06879999999999997,1.842,86527.2,42452.136,1.2972,3.787,73215.938,3.7878,83556.906,3.8456,105353.0435,3.7865,104460.7673,3.9846,114183.2912,4.6323,177229.7689,,
87,20210319,300420.SZ,3.712,3.7809,3.7044,3.735,3.7579,-0.02289999999999992,-0.6094,57369.2,28079.972,0.8601,3.7686,70147.178,3.8039,91081.226,3.8509,108924.496,3.784,106643.3367,3.998,114175.2928,4.6465,178514.9419,,
88,20210318,300420.SZ,3.8192,3.8345,3.7579,3.7579,3.8115,-0.053600000000000314,-1.4063,60754.4,30035.627,0.9108,3.7748,75712.778,3.8352,103810.169,3.857,112471.8285,3.7891,107614.5023,4.0137,115369.7695,4.6614,180742.2317,,
89,20210317,300420.SZ,3.8345,3.8345,3.7656,3.8115,3.8268,-0.01529999999999987,-0.3998,68756.4,34093.432,1.0308,3.787,80585.138,3.8528,111582.769,3.8567,116314.3345,3.7947,109024.9023,4.0285,116798.3995,4.6774,182867.5467,,
90,20210316,300420.SZ,3.7197,3.8345,3.6967,3.8268,3.712,0.11479999999999979,3.0927,92672.49,45862.209,1.3894,3.7809,86773.658,3.8659,122641.009,3.8467,117021.4045,3.7975,108820.3357,4.0448,116630.5762,4.6936,185629.0855,,
91,20210315,300420.SZ,3.7579,3.7962,3.689,3.712,3.7656,-0.05359999999999987,-1.4234,71183.4,34685.176,1.0672,3.7886,93897.874,3.8689,122285.46,3.8333,116885.12,3.801,108191.0527,4.0609,116523.57,4.7077,187504.1749,,
92,20210312,300420.SZ,3.8192,3.8345,3.735,3.7656,3.8192,-0.05359999999999987,-1.4034,85197.2,41961.959,1.2773,3.8391,112015.274,3.8888,126347.6,3.823,116813.62,3.8077,109652.1927,4.0784,118411.2153,4.7218,193025.2103,,
93,20210311,300420.SZ,3.7656,3.8498,3.7503,3.8192,3.7809,0.0383,1.013,85116.2,42315.209,1.2761,3.8957,131907.56,3.9011,131898.406,3.813,116861.73,3.8164,110456.4527,4.098,118534.3387,4.7416,199464.5967,,
94,20210310,300420.SZ,3.8957,3.9187,3.7732,3.7809,3.8651,-0.08420000000000005,-2.1785,99699.0,49734.146,1.4947,3.9187,142580.4,3.8957,132060.326,3.8,117955.9825,3.8263,110901.0127,4.1175,119240.4353,4.7634,204141.0557,,
95,20210309,300420.SZ,3.9493,3.9799,3.7885,3.8651,3.9646,-0.09949999999999992,-2.5097,128293.57,65047.898,1.9234,3.9508,158508.36,3.9041,130079.872,3.792,117521.5325,3.8388,111044.2927,4.14,119023.7967,4.7816,208307.1448,,
96,20210308,300420.SZ,4.0488,4.087,3.9416,3.9646,4.0488,-0.08420000000000005,-2.0796,161770.4,84791.162,2.4253,3.9493,150673.046,3.9033,127149.181,3.7859,114912.698,3.8477,112006.205,4.1613,118967.2775,4.8002,210924.9593,,
97,20210305,300420.SZ,3.9263,4.1023,3.9263,4.0488,3.934,0.11479999999999979,2.9181,184658.63,97153.863,2.7684,3.9386,140679.926,3.898,126767.766,3.774,114424.392,3.8546,111880.3917,4.1807,117802.6442,4.8167,213614.9177,,
98,20210304,300420.SZ,3.9416,4.0028,3.9187,3.934,3.9416,-0.007600000000000051,-0.1928,138480.4,71510.333,2.0761,3.9064,131889.252,3.8788,121133.488,3.766,109516.669,3.8531,109832.784,4.1983,117131.776,4.8338,217602.9953,,
99,20210303,300420.SZ,3.8651,4.0335,3.8345,3.9416,3.8574,0.08420000000000005,2.1828,179338.8,92487.364,2.6887,3.8727,121540.252,3.8605,121045.9,3.7656,107745.969,3.8531,108918.957,4.2187,117960.1193,4.8511,220946.7726,,
100,20210302,300420.SZ,3.9187,3.9187,3.8268,3.8574,3.911,-0.05359999999999987,-1.3705,89117.0,45009.776,1.3361,3.8574,101651.384,3.8276,111401.8,3.7633,101909.999,3.8508,108215.9617,4.2404,118281.8193,4.8657,222164.8976,,
101,20210301,300420.SZ,3.888,3.9493,3.8651,3.911,3.888,0.02300000000000013,0.5916,111804.8,57025.007,1.6762,3.8574,103625.316,3.7977,111484.78,3.7671,101143.849,3.8559,110655.838,4.2632,121669.8503,4.8817,225867.6156,,
102,20210226,300420.SZ,3.7197,3.9416,3.6967,3.888,3.7656,0.12239999999999984,3.2505,140705.26,70997.057,2.1095,3.8574,112855.606,3.7572,107279.64,3.7671,101304.489,3.8572,113618.3007,4.2872,129546.6582,4.8988,229588.6022,,
103,20210225,300420.SZ,3.8727,3.9187,3.7579,3.7656,3.8651,-0.09949999999999992,-2.5743,86735.4,43140.837,1.3004,3.8513,110377.724,3.725,101825.054,3.774,99735.476,3.8684,113544.7587,4.311,132496.5938,4.9133,231297.4318,,
104,20210224,300420.SZ,3.8498,3.9187,3.8192,3.8651,3.8574,0.007699999999999818,0.1996,79894.46,40416.862,1.1978,3.8482,120551.548,3.7043,103851.639,3.7916,100321.356,3.8824,117916.7977,4.3335,134357.0505,4.9296,233763.7554,,
105,20210223,300420.SZ,3.9033,3.9722,3.8421,3.8574,3.911,-0.05359999999999987,-1.3705,98986.66,50385.065,1.484,3.7977,121152.216,3.6799,104963.193,3.8061,101526.503,3.9023,119621.8653,4.3571,136168.6005,4.9433,235140.5241,,
106,20210222,300420.SZ,3.8498,3.9875,3.8498,3.911,3.8574,0.05359999999999987,1.3895,157956.25,81073.154,2.3681,3.738,119344.244,3.6684,102676.215,3.8199,104434.717,3.9245,120491.2733,4.3789,136951.0562,4.9569,237029.4042,,
107,20210219,300420.SZ,3.735,3.8651,3.7197,3.8574,3.7503,0.10709999999999997,2.8558,128315.85,63699.168,1.9237,3.6569,101703.674,3.65,102081.018,3.8329,104436.7045,3.9462,119707.483,4.4004,137947.452,4.9713,238443.9042,,
108,20210218,300420.SZ,3.7044,3.7656,3.6431,3.7503,3.6125,0.13780000000000037,3.8145,137604.52,66806.398,2.063,3.5987,93272.384,3.6531,97899.85,3.8402,104182.432,3.9666,119723.9547,4.4252,139752.1878,4.9863,240863.5063,,
109,20210210,300420.SZ,3.5819,3.6278,3.5513,3.6125,3.5589,0.05359999999999987,1.5061,82897.8,38927.834,1.2428,3.5605,87151.73,3.6707,94446.038,3.8494,102855.4855,3.9873,117501.724,4.4505,140185.3393,5.0035,245393.9958,,
110,20210209,300420.SZ,3.4518,3.6202,3.4518,3.5589,3.5054,0.0535000000000001,1.5262,89946.8,41507.041,1.3485,3.562,88774.17,3.699,92418.198,3.8624,106623.0425,4.0133,117887.1323,4.4776,143121.9313,5.0196,247621.0532,,
111,20210208,300420.SZ,3.6125,3.6125,3.4977,3.5054,3.5666,-0.061200000000000365,-1.7159,69753.4,32207.253,1.0458,3.5987,86008.186,3.7365,90802.918,3.885,110241.367,4.0386,118743.8187,4.5042,147495.2905,5.0348,248344.7254,,
112,20210205,300420.SZ,3.6125,3.689,3.5666,3.5666,3.5589,0.007700000000000262,0.2164,86159.4,40815.247,1.2917,3.6431,102458.362,3.7771,95329.338,3.9072,116787.631,4.0671,119470.1043,4.5318,148682.6148,5.0502,249246.5704,,
113,20210204,300420.SZ,3.6278,3.6584,3.4747,3.5589,3.6202,-0.06130000000000013,-1.6933,107001.25,49422.571,1.6042,3.7074,102527.316,3.823,97645.898,3.9401,119404.611,4.0926,121780.7043,4.5581,150079.7862,5.0656,251064.2466,,
114,20210203,300420.SZ,3.7273,3.7885,3.6202,3.6202,3.7426,-0.12239999999999984,-3.2705,91010.0,43659.054,1.3644,3.7809,101740.346,3.8789,96791.073,3.9715,124949.377,4.1243,121383.7977,4.5854,152161.5393,5.0813,253450.0565,,
115,20210202,300420.SZ,3.735,3.8115,3.6814,3.7426,3.7273,0.01529999999999987,0.4105,76116.88,37263.882,1.1412,3.836,96062.226,3.9324,98089.813,4.0136,126951.2015,4.1531,122935.9177,4.6142,157409.35,5.0985,256285.275,,
116,20210201,300420.SZ,3.8727,3.9187,3.6737,3.7273,3.888,-0.16069999999999984,-4.1332,152004.28,74832.386,2.2789,3.8743,95597.65,3.9715,106193.219,4.0526,129398.8025,4.1827,123905.815,4.6464,162442.9527,5.1131,258396.7265,,
117,20210129,300420.SZ,3.9416,3.9799,3.8421,3.888,3.9263,-0.0383,-0.9755,86504.17,43912.038,1.2969,3.911,88200.314,4.0158,106792.391,4.0943,128520.7155,4.212,121707.249,4.678,167489.478,5.1279,259856.4077,,
118,20210128,300420.SZ,3.8727,4.0411,3.8651,3.9263,3.8957,0.03059999999999974,0.7855,103066.4,53311.47,1.5452,3.9386,92764.48,4.0273,110465.014,4.1234,130636.007,4.2383,123125.0367,4.712,173938.8438,5.1413,262469.8628,,
119,20210127,300420.SZ,3.9187,3.9646,3.8804,3.8957,3.934,-0.0383,-0.9736,62619.4,32051.873,0.9388,3.9768,91841.8,4.0281,111264.933,4.1456,129029.567,4.2623,124571.8967,4.7429,179620.0838,5.1539,266578.7381,,
120,20210126,300420.SZ,3.911,3.9799,3.888,3.934,3.911,0.02300000000000013,0.5881,73794.0,37911.926,1.1063,4.0289,100117.4,4.0258,120827.887,4.1705,130621.5995,4.2922,124440.8167,4.7779,187149.8573,5.1681,271235.7284,,
121,20210125,300420.SZ,4.0182,4.0182,3.8957,3.911,4.0258,-0.11480000000000024,-2.8516,115017.6,59168.67,1.7244,4.0687,116788.788,4.0335,129679.816,4.1896,132714.269,4.3207,124856.0873,4.8132,197826.3737,5.1777,272403.3518,,
122,20210122,300420.SZ,4.133,4.133,4.0028,4.0258,4.1176,-0.0918000000000001,-2.2295,109325.0,57706.215,1.639,4.1207,125384.468,4.0373,138245.924,4.2122,131540.4875,4.349,127170.238,4.8445,208049.919,5.1865,272958.2801,,
123,20210121,300420.SZ,4.1865,4.2018,4.087,4.1176,4.1559,-0.03829999999999956,-0.9216,98453.0,53090.964,1.476,4.1161,128165.548,4.0572,141163.324,4.2275,133848.1075,4.3797,126612.2247,4.8714,212062.6583,5.1948,273501.7834,,
124,20210120,300420.SZ,4.1253,4.3013,4.11,4.1559,4.133,0.02289999999999992,0.5541,103997.4,56998.656,1.5591,4.0794,130688.066,4.0641,153107.681,4.247,133680.16,4.4087,127579.858,4.8983,217598.6035,5.2013,273859.8643,,
125,20210119,300420.SZ,4.0794,4.2401,4.0641,4.133,4.1712,-0.03819999999999979,-0.9158,157150.94,84958.948,2.356,4.0227,141538.374,4.0947,155812.59,4.2635,135358.97,4.4411,127003.3007,4.9217,220459.1537,5.2073,274217.0751,,
126,20210118,300420.SZ,3.9799,4.1789,3.9646,4.1712,4.0028,0.1684000000000001,4.2071,157996.0,84053.009,2.3687,3.9982,142570.844,4.1337,152604.386,4.2883,132762.113,4.4748,125928.35,4.9467,224790.5082,5.214,275511.7722,,
127,20210115,300420.SZ,3.9493,4.0488,3.9263,4.0028,3.934,0.06879999999999953,1.7489,123230.4,64162.097,1.8475,3.9539,151107.38,4.1728,150249.04,4.3101,129164.678,4.5067,123724.8967,4.9673,225698.9948,5.223,277161.7292,,
128,20210114,300420.SZ,3.9033,3.9952,3.8498,3.934,3.8727,0.06130000000000013,1.5829,111065.59,56942.824,1.6651,3.9983,154161.1,4.2195,150807.0,4.3438,129455.048,4.5434,124430.768,4.9902,227419.4982,5.2324,278971.9158,,
129,20210113,300420.SZ,3.9952,3.9952,3.8421,3.8727,4.0105,-0.13780000000000037,-3.436,158248.94,80351.832,2.3725,4.0488,175527.296,4.2631,146794.201,4.3794,131225.3785,4.5843,127001.2817,5.0134,228260.125,5.2416,279751.2342,,
130,20210112,300420.SZ,3.9187,4.1789,3.9187,4.0105,3.9493,0.061200000000000365,1.5496,162313.29,85432.086,2.4334,4.1666,170086.806,4.3151,140415.312,4.4253,126247.2815,4.6299,128347.677,5.0386,229765.1707,5.2521,280364.5396,,
131,20210111,300420.SZ,4.2325,4.2325,3.9416,3.9493,4.2248,-0.2755000000000001,-6.521,200678.68,106420.59,3.0086,4.2692,162637.928,4.3457,135748.722,4.4644,122444.223,4.6705,132683.8627,5.0583,229149.1892,5.2599,281026.6499,,
132,20210108,300420.SZ,4.1712,4.3013,4.0182,4.2248,4.1865,0.038300000000000445,0.9148,138499.0,75754.952,2.0764,4.3917,149390.7,4.3871,124835.051,4.5049,121632.395,4.7172,145475.0157,5.081,228479.3278,5.2689,282402.9983,,
133,20210107,300420.SZ,4.4238,4.4391,4.1483,4.1865,4.4621,-0.27560000000000073,-6.1765,217896.57,121288.586,3.2667,4.4406,147452.9,4.3978,126532.891,4.5409,119336.675,4.7537,151448.429,5.0969,228445.0945,5.2782,285754.4458,,
134,20210106,300420.SZ,4.6151,4.684,4.4468,4.4621,4.5233,-0.06119999999999948,-1.353,131046.49,77887.288,1.9647,4.4774,118061.106,4.4299,114252.639,4.5811,114815.9465,4.7845,150797.3033,5.1149,227812.6183,5.2885,290231.4044,,
135,20210105,300420.SZ,4.5462,4.5616,4.4468,4.5233,4.5616,-0.038300000000000445,-0.8396,125068.9,73571.649,1.8751,4.4636,110743.818,4.4322,114905.35,4.6144,112598.656,4.8118,152715.3357,5.1306,228612.6648,5.2959,291369.1609,,
136,20210104,300420.SZ,4.5769,4.6228,4.5003,4.5616,4.4697,0.09190000000000076,2.0561,134442.54,80213.907,2.0156,4.4223,108859.516,4.4429,112919.84,4.6454,112590.332,4.8333,153410.839,5.1453,230108.7612,5.2987,292928.9273,,
137,20201231,300420.SZ,4.3626,4.5692,4.3626,4.4697,4.3702,0.09949999999999992,2.2768,128810.0,75396.43,1.9311,4.3825,100279.402,4.4475,108080.316,4.6737,110462.825,4.8547,156187.421,5.156,230638.3347,5.3014,294863.1043,,
138,20201230,300420.SZ,4.3626,4.4314,4.3549,4.3702,4.3932,-0.023000000000000576,-0.5235,70937.6,40704.432,1.0635,4.3549,105612.882,4.4682,108103.096,4.7054,111242.652,4.8838,159780.421,5.165,230558.1747,5.3045,296393.4989,,
139,20201229,300420.SZ,4.3396,4.4774,4.309,4.3932,4.3166,0.0766,1.7745,94460.05,54373.165,1.4162,4.3825,110444.172,4.4957,115656.556,4.7449,117104.822,4.9136,162868.9547,5.1774,231301.7547,5.3069,298371.7564,,
140,20201228,300420.SZ,4.3626,4.3855,4.2248,4.3166,4.3626,-0.045999999999999375,-1.0544,115647.39,64933.865,1.7338,4.4008,119066.882,4.5355,112079.251,4.7873,122313.8595,4.9419,168356.7303,5.1886,231932.3738,5.309,299720.5467,,
141,20201225,300420.SZ,4.2937,4.4697,4.2937,4.3626,4.3319,0.030699999999999505,0.7087,91541.97,52619.69,1.3724,4.4636,116980.164,4.583,109139.724,4.8329,131151.433,4.9698,176246.7623,5.2009,232461.944,,,,
142,20201224,300420.SZ,4.5156,4.5233,4.3166,4.3319,4.508,-0.17609999999999992,-3.9064,155477.4,89189.73,2.3309,4.5126,115881.23,4.6228,118429.739,4.8822,155794.998,4.9965,177895.1253,5.2133,236151.2903,,,,
143,20201223,300420.SZ,4.508,4.5692,4.4774,4.508,4.485,0.022999999999999687,0.5128,95094.05,56111.958,1.4257,4.5815,110593.31,4.684,112140.459,4.9316,163906.198,5.0236,178378.868,5.232,235787.3858,,,,
144,20201222,300420.SZ,4.6075,4.6304,4.4544,4.485,4.6304,-0.14539999999999953,-3.1401,137573.6,81597.335,2.0625,4.609,120868.94,4.7322,115379.254,4.9618,169069.6355,5.0465,182939.281,5.2473,236977.5117,,,,
145,20201221,300420.SZ,4.5998,4.6764,4.5309,4.6304,4.6075,0.02289999999999992,0.497,105213.8,63674.267,1.5774,4.6702,105091.62,4.7965,110291.962,5.0016,171620.3285,5.0754,191882.7823,5.264,237599.01,,,,
146,20201218,300420.SZ,4.6611,4.6993,4.5998,4.6075,4.6764,-0.06890000000000018,-1.4734,86047.3,52140.307,1.29,4.7024,101299.284,4.8478,112260.824,5.0284,173656.3385,5.1101,200980.0903,5.28,240276.2467,,,,
147,20201217,300420.SZ,4.6304,4.707,4.5233,4.6764,4.6457,0.030700000000000394,0.6608,129037.8,77880.593,1.9346,4.733,120978.248,4.8998,112845.334,5.0583,180240.9735,5.144,213271.707,5.295,242854.591,,,,
148,20201216,300420.SZ,4.7759,4.8065,4.5922,4.6457,4.7912,-0.14550000000000018,-3.0368,146472.2,89693.945,2.1959,4.7866,113687.608,4.9427,114382.208,5.0916,185619.0835,5.1856,224752.651,5.3091,246114.6938,,,,
149,20201215,300420.SZ,4.8065,4.8294,4.7452,4.7912,4.7912,0.0,0.0,58687.0,36673.457,0.8798,4.8555,109889.568,4.994,118553.088,5.1226,186475.154,5.2236,234668.271,5.3263,248936.6938,,,,
150,20201214,300420.SZ,4.7529,4.8524,4.707,4.7912,4.7606,0.03059999999999974,0.6428,86252.12,53978.968,1.2931,4.9228,115492.304,5.0391,132548.468,5.1451,196495.47,5.2636,249858.898,5.3424,254627.5948,,,,
151,20201211,300420.SZ,4.9136,4.9519,4.684,4.7606,4.9442,-0.1836000000000002,-3.7134,184442.12,115359.775,2.7652,4.9932,123222.364,5.0828,153163.142,5.1631,209800.2815,5.3057,270796.66,5.3546,258484.7798,,,,
152,20201210,300420.SZ,4.9825,5.0437,4.9213,4.9442,4.9902,-0.045999999999999375,-0.9218,92584.6,60289.231,1.388,5.0667,104712.42,5.1417,193160.257,5.1834,207627.8185,5.3399,288929.6,5.3652,267639.2053,,,,
153,20201209,300420.SZ,5.1279,5.1432,4.9749,4.9902,5.1279,-0.1377000000000006,-2.6853,127482.0,84270.739,1.9112,5.0988,115076.808,5.1792,215671.937,5.1934,211498.0725,5.3631,297513.092,5.3852,280394.8548,,,,
154,20201208,300420.SZ,5.1432,5.1662,5.0897,5.1279,5.1432,-0.01529999999999987,-0.2975,86700.68,58162.034,1.2998,5.1325,127216.608,5.1914,222760.017,5.2037,216719.2945,5.3879,307617.349,5.4092,289041.676,,,,
155,20201207,300420.SZ,5.1203,5.1968,5.059,5.1432,5.1279,0.01529999999999987,0.2984,124902.42,83549.294,1.8726,5.1555,149604.632,5.2067,232948.695,5.2148,232678.1925,5.4022,313915.0067,5.4232,297590.493,,,,
156,20201204,300420.SZ,5.1126,5.1662,5.0973,5.1279,5.105,0.02289999999999992,0.4486,91892.4,61591.922,1.3777,5.1723,183103.92,5.209,235051.853,5.2412,245339.7235,5.4185,323652.6663,5.439,302882.6412,,,,
157,20201203,300420.SZ,5.1509,5.1815,5.0743,5.105,5.1585,-0.05349999999999966,-1.0371,144406.54,96673.657,2.165,5.2167,281608.094,5.2167,247636.613,5.2661,263484.8935,5.4279,327673.093,5.4528,309427.1912,,,,
158,20201202,300420.SZ,5.2351,5.2351,5.1432,5.1585,5.2427,-0.08420000000000005,-1.606,188181.0,127191.975,2.8212,5.2596,316267.066,5.2404,256855.959,5.307,279937.8725,5.4369,330408.2283,5.4694,318074.2147,,,,
159,20201201,300420.SZ,5.2121,5.2657,5.1662,5.2427,5.2274,0.01529999999999987,0.2927,198640.8,135408.762,2.9781,5.2504,318303.426,5.2511,254397.22,5.3384,292725.8625,5.4425,329518.9683,5.4836,323933.4258,,,,
160,20201130,300420.SZ,5.2121,5.3499,5.1432,5.2274,5.3499,-0.12249999999999961,-2.2898,292398.86,200536.192,4.3837,5.258,316292.758,5.2512,260442.472,5.3759,308514.113,5.4473,331182.6643,5.491,326047.9758,,,,
161,20201127,300420.SZ,5.4953,6.0157,5.3422,5.3499,5.3193,0.03059999999999974,0.5753,584413.27,422355.059,8.7616,5.2458,286999.786,5.2435,266437.421,5.4172,329613.419,5.4461,325614.5157,5.5001,330065.3808,,,,
162,20201126,300420.SZ,5.1432,5.3346,4.9978,5.3193,5.1126,0.20670000000000055,4.043,317701.4,216550.478,4.763,5.2167,213665.132,5.2251,222095.38,5.439,336814.2715,5.4448,311483.64,5.5105,329630.5463,,,,
163,20201125,300420.SZ,5.2504,5.281,5.105,5.1126,5.281,-0.1684000000000001,-3.1888,198362.8,133999.561,2.9739,5.2213,197444.852,5.2075,207324.208,5.4551,338433.6695,5.4402,305441.76,5.5156,330098.2697,,,,
164,20201124,300420.SZ,5.2121,5.3575,5.1738,5.281,5.1662,0.11479999999999979,2.2221,188587.46,130233.697,2.8273,5.2519,190491.014,5.2159,210678.572,5.4861,350046.015,5.4453,304827.9333,5.5257,333170.4603,,,,
165,20201123,300420.SZ,5.1815,5.2427,5.1126,5.1662,5.2045,-0.038300000000000445,-0.7359,145934.0,98706.168,2.2342,5.2443,204592.186,5.2228,232407.69,5.4999,354398.1625,5.4494,304509.994,5.5296,334112.4477,,,,
166,20201120,300420.SZ,5.2657,5.2733,5.1203,5.2045,5.3422,-0.1376999999999997,-2.5776,217740.0,147504.168,3.3336,5.2412,245875.056,5.2733,255627.594,5.5232,367953.073,5.4573,306806.6833,5.535,337107.7523,,,,
167,20201119,300420.SZ,5.281,5.4417,5.258,5.3422,5.2657,0.07650000000000023,1.4528,236600.0,165488.55,3.6223,5.2335,230525.628,5.3154,279333.174,5.5336,367691.333,5.4573,305089.2483,5.5422,338940.3565,,,,
168,20201118,300420.SZ,5.2351,5.2963,5.1968,5.2657,5.2427,0.022999999999999687,0.4387,163593.61,112018.434,2.5046,5.1937,217203.564,5.3736,303019.786,5.5351,367184.363,5.4463,301335.9283,5.5473,341974.8247,,,,
169,20201117,300420.SZ,5.0973,5.3116,5.0667,5.2427,5.1509,0.0918000000000001,1.7822,259093.32,176353.549,3.9667,5.18,230866.13,5.4256,331054.505,5.5381,367079.8425,5.4412,299734.5547,5.5565,350602.6522,,,,
170,20201116,300420.SZ,5.1892,5.1892,4.9442,5.1509,5.1662,-0.01529999999999987,-0.2962,352348.35,232078.002,5.3944,5.2014,260223.194,5.5006,356585.754,5.5454,366552.7605,5.4353,295508.0173,5.5616,352120.1752,,,,
171,20201113,300420.SZ,5.1432,5.1815,5.0437,5.1662,5.1432,0.022999999999999687,0.4472,140992.86,94505.837,2.7643,5.3055,265380.132,5.591,392789.417,5.5473,355203.063,5.432,288677.1257,5.5655,349194.1603,,,,
172,20201112,300420.SZ,5.1815,5.2351,5.082,5.1432,5.1968,-0.053599999999999426,-1.0314,169989.68,114395.417,3.3328,5.3973,328140.72,5.6529,451533.163,5.5546,356177.77,5.43,294407.4553,5.5686,349810.526,,,,
173,20201111,300420.SZ,5.3499,5.3499,5.1815,5.1968,5.3499,-0.15310000000000024,-2.8617,231906.44,158896.353,4.7242,5.5535,388836.008,5.7027,469543.131,5.5565,354500.536,5.4404,293195.9037,5.5731,352048.707,,,,
174,20201110,300420.SZ,5.6637,5.6637,5.3346,5.3499,5.6713,-0.3213999999999997,-5.6671,405878.64,287540.209,8.2682,5.6713,431242.88,5.7563,489413.458,5.56,351902.614,5.4481,291015.7423,5.5772,354738.5737,,,,
175,20201109,300420.SZ,5.6637,5.7479,5.6178,5.6713,5.6254,0.04589999999999961,0.8159,378133.04,280208.107,7.703,5.7999,452948.314,5.7769,476388.635,5.5626,340561.146,5.4527,283315.2377,5.5827,355161.2,,,,
176,20201106,300420.SZ,5.9239,5.9316,5.5565,5.6254,5.9239,-0.29849999999999977,-5.0389,454795.8,337748.428,9.2647,5.8764,520198.702,5.7731,480278.552,5.5493,332396.228,5.4499,279572.403,5.5797,354350.5003,,,,
177,20201105,300420.SZ,5.8627,6.077,5.8168,5.9239,5.7861,0.13779999999999948,2.3816,473466.12,367336.629,9.645,5.9086,574925.606,5.7517,456049.492,5.5282,317967.2855,5.4461,272437.475,5.5777,352223.3373,,,,
178,20201104,300420.SZ,5.9698,5.9928,5.7249,5.7861,5.9928,-0.20669999999999966,-3.4491,443940.8,337685.891,9.0436,5.8519,550250.254,5.6966,431348.94,5.4827,300493.9995,5.4325,267476.7367,5.5706,351000.8818,,,,
179,20201103,300420.SZ,5.9851,6.0387,5.855,5.9928,6.054,-0.061200000000000365,-1.0109,514405.81,398408.865,10.479,5.8412,547584.036,5.6507,403105.18,5.449,284074.5795,5.429,263205.1167,5.5648,353537.3923,,,,
180,20201102,300420.SZ,5.8474,6.1229,5.5718,6.054,5.7861,0.2679,4.6301,714384.98,554270.4,14.5528,5.754,499828.956,5.5902,376519.767,5.4027,264969.149,5.4211,259396.2917,5.5583,355321.5995,,,,
181,20201030,300420.SZ,5.5718,6.0004,5.5718,5.7861,5.6407,0.14540000000000042,2.5777,728430.32,553748.012,14.8389,5.6698,440358.402,5.5037,317616.709,5.3526,236620.98,5.4035,246172.8997,5.5422,346980.3298,,,,
182,20201029,300420.SZ,5.5871,5.7708,5.5565,5.6407,5.7326,-0.09189999999999987,-1.6031,350089.36,258668.034,7.1317,5.5948,337173.378,5.4563,260822.377,5.3185,215844.6015,5.3904,246348.8107,5.5286,337866.6412,,,,
183,20201028,300420.SZ,5.5259,5.8091,5.457,5.7326,5.5565,0.17609999999999992,3.1693,430609.71,320033.732,8.772,5.5412,312447.626,5.4103,239457.941,5.3093,205022.29,5.4073,263276.6177,5.5181,334940.9085,,,,
184,20201027,300420.SZ,5.5565,5.6407,5.457,5.5565,5.6331,-0.0766,-1.3598,275630.41,199725.653,5.6149,5.4601,258626.324,5.3636,214391.77,5.294,191816.8845,5.4305,270466.003,5.5044,330121.1252,,,,
185,20201026,300420.SZ,5.3575,5.6943,5.2427,5.6331,5.4111,0.22199999999999953,4.1027,417032.21,301759.224,8.4954,5.4264,253210.578,5.3483,204733.657,5.2906,186778.539,5.4443,281265.9793,5.493,327974.9965,,,,
186,20201023,300420.SZ,5.3499,5.4723,5.3346,5.4111,5.3728,0.038300000000000445,0.7128,212505.2,150203.057,4.329,5.3376,194875.016,5.3254,184513.904,5.2883,179219.3285,5.4596,282112.616,5.4813,326233.0362,,,,
187,20201022,300420.SZ,5.3269,5.4647,5.2198,5.3728,5.3269,0.04589999999999961,0.8617,226460.6,159400.608,4.6133,5.3177,184471.376,5.3047,179885.079,5.2932,180631.4665,5.4777,291181.2893,5.4787,328624.4635,,,,
188,20201021,300420.SZ,5.4188,5.4417,5.2963,5.3269,5.3881,-0.06119999999999948,-1.1358,161503.2,112982.142,3.29,5.2795,166468.256,5.2688,169639.059,5.3005,185540.635,5.5019,305740.201,5.4746,330524.3335,,,,
189,20201020,300420.SZ,5.2121,5.4188,5.1892,5.3881,5.1892,0.19890000000000008,3.833,248551.68,173357.594,5.0633,5.2672,170157.216,5.2473,165043.979,5.3181,193255.085,5.5246,318347.8833,5.4699,331242.3435,,,,
190,20201019,300420.SZ,5.3193,5.3269,5.1738,5.1892,5.3116,-0.12240000000000073,-2.3044,125354.4,85883.648,2.5536,5.2703,156256.736,5.2152,153418.531,5.3365,200834.554,5.5346,320913.2873,5.4656,330963.9085,,,,
191,20201016,300420.SZ,5.1738,5.3269,5.105,5.3116,5.1815,0.13010000000000055,2.5109,160487.0,109518.328,3.2693,5.3132,174152.792,5.2014,155625.251,5.3533,210450.995,5.5542,334516.246,5.4616,332904.1107,,,,
192,20201015,300420.SZ,5.2733,5.3269,5.1509,5.1815,5.2657,-0.08420000000000005,-1.599,136445.0,93467.888,2.7795,5.2917,175298.782,5.1807,170866.826,5.3575,239112.0275,5.5762,347777.4527,5.4568,336326.6687,,,,
193,20201014,300420.SZ,5.3958,5.3958,5.2657,5.2657,5.4035,-0.13780000000000037,-2.5502,179948.0,124719.667,3.6657,5.2581,172809.862,5.2083,170586.639,5.4058,275185.956,5.591,354754.7793,5.4595,343063.7972,,,,
194,20201013,300420.SZ,5.4035,5.4417,5.2963,5.4035,5.4035,0.0,0.0,179049.28,126170.892,3.6474,5.2274,159930.742,5.2244,169241.999,5.4639,298503.1195,5.606,361512.9873,5.462,352650.1905,,,,
195,20201012,300420.SZ,5.2427,5.4111,5.2427,5.4035,5.2045,0.19899999999999984,3.8236,214834.68,150132.578,4.3764,5.1601,150580.326,5.2328,168823.421,5.4922,319532.1405,5.6098,363714.9013,5.4611,354125.657,,,,
196,20201009,300420.SZ,5.1279,5.258,5.0897,5.2045,5.0131,0.19140000000000068,3.818,166216.95,112661.075,3.386,5.0897,137097.71,5.2511,173924.753,5.5267,330911.972,5.6127,367408.8213,5.4521,355749.0935,,,,
197,20200930,300420.SZ,5.1356,5.1509,4.9978,5.0131,5.1126,-0.09949999999999992,-1.9462,124000.4,82223.775,2.526,5.0698,166434.87,5.2817,181377.854,5.5642,346829.3945,5.6272,372791.4647,5.4468,359087.874,,,,
198,20200929,300420.SZ,5.1509,5.1738,5.0361,5.1126,5.0667,0.04589999999999961,0.9059,115552.4,77129.714,2.3539,5.1585,168363.416,5.3323,201442.211,5.6185,373790.772,5.6484,382613.721,5.4439,362228.8232,,,,
199,20200928,300420.SZ,5.059,5.1662,4.9978,5.0667,5.0514,0.01529999999999987,0.3029,132297.2,87780.812,2.695,5.2213,178553.256,5.3889,221466.191,5.6633,394999.8355,5.6718,401470.7497,5.4364,365441.7582,,,,
200,20200925,300420.SZ,5.1279,5.1432,4.9902,5.0514,5.105,-0.053600000000000314,-1.05,147421.6,97726.516,3.0031,5.3055,187066.516,5.4578,248250.577,5.6943,404660.6655,5.6879,408732.333,5.4293,367508.7195,,,,
201,20200924,300420.SZ,5.4035,5.4111,5.0743,5.105,5.457,-0.3519999999999994,-6.4504,312902.75,213412.395,6.3742,5.4126,210751.796,5.5052,265276.739,5.7306,423961.7435,5.6989,409711.195,,,,,,
202,20200923,300420.SZ,5.4417,5.5259,5.4111,5.457,5.4264,0.03059999999999974,0.5639,133643.13,95288.326,2.7225,5.4937,196320.838,5.5343,307357.229,5.7739,436232.766,5.7073,405213.5967,,,,,,
203,20200922,300420.SZ,5.4188,5.5642,5.3805,5.4264,5.4876,-0.06119999999999948,-1.1152,166501.6,119042.509,3.3918,5.506,234521.006,5.6032,379785.273,5.7823,446838.8495,5.7058,410901.5103,,,,,,
204,20200921,300420.SZ,5.5565,5.6178,5.4723,5.4876,5.5871,-0.09950000000000081,-1.7809,174863.5,126589.379,3.5622,5.5565,264379.126,5.7035,427764.24,5.7968,457648.4815,5.7063,418461.405,,,,,,
205,20200918,300420.SZ,5.4953,5.6178,5.3958,5.5871,5.5106,0.07650000000000023,1.3882,265848.0,191536.038,5.2578,5.6101,309434.638,5.7517,470240.86,5.7984,461160.6415,5.7127,427007.1623,,,,,,
206,20200917,300420.SZ,5.5336,5.6254,5.4494,5.5106,5.5183,-0.007699999999999818,-0.1395,240747.96,173627.077,4.9043,5.5979,319801.682,5.8022,487899.191,5.7934,464150.8555,5.7096,429128.5977,,,,,,
207,20200916,300420.SZ,5.7938,5.8321,5.4188,5.5183,5.679,-0.1607000000000003,-2.8297,324643.97,236342.648,6.6134,5.5749,418393.62,5.8466,512280.935,5.7999,468498.27,5.7093,432009.1997,,,,,,
208,20200915,300420.SZ,5.7785,5.878,5.5565,5.679,5.7555,-0.07649999999999935,-1.3292,315792.2,235561.278,6.433,5.7004,525049.54,5.9048,546139.333,5.8064,473199.476,5.7086,434525.027,,,,,,
209,20200914,300420.SZ,5.5565,5.8321,5.5183,5.7555,5.5259,0.22959999999999958,4.155,400141.06,298634.642,8.1513,5.8504,591149.354,5.9377,568533.48,5.8133,491473.029,5.7007,443869.668,,,,,,
210,20200911,300420.SZ,5.3881,5.6024,5.3805,5.5259,5.3958,0.13009999999999966,2.4111,317683.22,227574.079,6.4716,5.8933,631047.082,5.9308,561070.754,5.803,488973.211,5.6956,451246.9073,,,,,,
211,20200910,300420.SZ,6.1535,6.1535,5.3652,5.3958,6.1459,-0.7500999999999998,-12.2049,733707.65,550655.503,14.9464,6.0066,655996.7,5.956,582646.748,5.7957,481928.423,5.681,447787.76,,,,,,
212,20200909,300420.SZ,6.2836,6.827,6.054,6.1459,6.429,-0.28310000000000013,-4.4035,857923.57,714181.347,17.4768,6.1183,606168.25,6.0134,565108.303,5.7938,454141.7805,5.6667,429384.4717,,,,,,
213,20200908,300420.SZ,5.9775,6.4597,5.9162,6.429,5.9698,0.45920000000000005,7.692,646291.27,522489.267,13.1657,6.1091,567229.126,5.9614,513892.426,5.757,426459.629,5.629,406605.1993,,,,,,
214,20200907,300420.SZ,6.0999,6.3142,5.8856,5.9698,6.0923,-0.12249999999999961,-2.0107,599629.7,480051.447,12.2151,6.0249,545917.606,5.8902,487532.723,5.7077,413809.9875,5.5782,389776.2473,,,,,,
215,20200904,300420.SZ,5.8321,6.1612,5.8091,6.0923,5.9545,0.13779999999999948,2.3142,442431.31,345140.322,9.0128,5.9683,491094.426,5.8451,452080.423,5.6931,405390.3135,5.5417,374684.0137,,,,,,
216,20200903,300420.SZ,6.0311,6.1841,5.8856,5.9545,6.0999,-0.14539999999999953,-2.3836,484565.4,379663.31,9.8711,5.9055,509296.796,5.7846,440402.52,5.6633,399743.301,5.503,370353.4563,,,,,,
217,20200902,300420.SZ,6.0081,6.2989,5.9469,6.0999,6.0081,0.0918000000000001,1.5279,663227.95,530027.94,13.5107,5.9086,524048.356,5.7532,424715.605,5.6407,391873.332,5.4797,366067.6377,,,,,,
218,20200901,300420.SZ,5.7019,6.077,5.5871,6.0081,5.6866,0.32149999999999945,5.6536,539733.67,411353.455,10.995,5.8137,460555.726,5.7081,400259.619,5.6105,378717.874,5.4473,355308.466,,,,,,
219,20200831,300420.SZ,5.8168,5.8856,5.6407,5.6866,5.7785,-0.09189999999999987,-1.5904,325513.8,244264.177,6.6311,5.7555,429147.84,5.6889,414412.578,5.5822,381537.762,5.4152,344136.8037,,,,,,
220,20200828,300420.SZ,5.8321,5.8856,5.6024,5.7785,5.9698,-0.19130000000000003,-3.2045,533443.16,398147.359,10.8668,5.7219,413066.42,5.6752,416875.668,5.578,396334.984,5.3966,341014.5297,,,,,,
221,20200827,300420.SZ,5.6101,6.0617,5.4953,5.9698,5.6254,0.34440000000000026,6.1222,558323.2,427721.399,10.9466,5.6637,371508.244,5.6354,381210.098,5.5435,380358.266,5.369,331291.9753,,,,,,
222,20200826,300420.SZ,5.7402,5.878,5.4953,5.6254,5.7173,-0.09189999999999987,-1.6074,345764.8,256366.101,6.7791,5.5979,325382.854,5.5741,343175.258,5.4934,361522.556,5.3374,324875.8847,,,,,,
223,20200825,300420.SZ,5.503,5.8014,5.4341,5.7173,5.5183,0.19899999999999984,3.6062,382694.24,283500.505,7.5032,5.6025,339963.512,5.5527,339026.832,5.4628,352961.586,5.3279,331372.815,,,,,,
224,20200824,300420.SZ,5.4723,5.5948,5.3269,5.5183,5.4876,0.030700000000000394,0.5594,245106.7,174893.499,4.8056,5.6224,399677.316,5.5251,340087.252,5.4222,340898.0095,5.318,343787.3937,,,,,,
225,20200821,300420.SZ,5.6484,5.7555,5.4188,5.4876,5.6407,-0.15310000000000024,-2.7142,325652.28,236979.008,6.3848,5.6285,420684.916,5.5412,358700.204,5.3901,335985.809,5.3124,344536.4127,,,,,,
226,20200820,300420.SZ,5.6331,5.9086,5.6024,5.6407,5.6484,-0.007699999999999818,-0.1363,327696.25,245889.367,6.4249,5.6071,390911.952,5.542,359084.082,5.3621,335328.9245,5.2915,344089.3657,,,,,,
227,20200819,300420.SZ,5.7938,5.9622,5.6331,5.6484,5.8168,-0.1684000000000001,-2.8951,418668.09,316843.264,8.2085,5.5504,360967.662,5.5282,359031.059,5.343,336743.654,5.2665,345384.2833,,,,,,
228,20200818,300420.SZ,5.6331,6.0999,5.5489,5.8168,5.5489,0.2679,4.828,681263.26,522157.134,13.357,5.503,338090.152,5.5129,357176.129,5.317,332832.8895,5.2394,341843.9253,,,,,,
229,20200817,300420.SZ,5.3958,5.6024,5.2963,5.5489,5.3805,0.1684000000000001,3.1298,350144.7,250655.481,6.865,5.4279,280497.188,5.4754,348662.946,5.2783,308998.9165,5.2009,329412.7667,,,,,,
230,20200814,300420.SZ,5.3652,5.3958,5.2427,5.3805,5.3575,0.022999999999999687,0.4293,176787.46,123017.755,3.4661,5.454,296715.492,5.4807,375794.3,5.2573,303083.9605,5.1708,326285.106,,,,,,
231,20200813,300420.SZ,5.4494,5.48,5.3422,5.3575,5.4111,-0.053600000000000314,-0.9906,177974.8,125231.442,3.4894,5.4769,327256.212,5.4517,379506.434,5.2358,306332.914,,,,,,,,
232,20200812,300420.SZ,5.457,5.6254,5.2657,5.4111,5.4417,-0.03059999999999974,-0.5623,304280.54,215210.588,5.9658,5.506,357094.456,5.4126,379869.854,5.219,315726.198,,,,,,,,
233,20200811,300420.SZ,5.6943,5.8014,5.3958,5.4417,5.679,-0.2373000000000003,-4.1786,393298.44,288394.002,7.7111,5.5229,376262.106,5.3728,366896.34,5.2156,327545.8065,,,,,,,,
234,20200810,300420.SZ,5.4417,5.7938,5.4111,5.679,5.4953,0.18369999999999997,3.3429,431236.22,316660.672,8.4549,5.5229,416828.704,5.3193,341708.767,5.2144,345637.4645,,,,,,,,
235,20200807,300420.SZ,5.4723,5.5795,5.3575,5.4953,5.503,-0.007699999999999818,-0.1399,329491.06,234206.68,6.4601,5.5075,454873.108,5.2389,313271.414,5.198,337454.517,,,,,,,,
236,20200806,300420.SZ,5.5489,5.6254,5.4111,5.503,5.4953,0.007699999999999818,0.1401,327166.02,236019.028,6.4145,5.4264,431756.656,5.1823,311573.767,5.1662,336592.0075,,,,,,,,
237,20200805,300420.SZ,5.4494,5.6407,5.3652,5.4953,5.4417,0.053600000000000314,0.985,400118.79,289158.003,7.8448,5.3193,402645.252,5.1578,314456.249,5.1356,338560.8955,,,,,,,,
238,20200804,300420.SZ,5.7326,5.7402,5.4035,5.4417,5.6024,-0.1607000000000003,-2.8684,596131.43,430477.21,11.6879,5.2228,357530.574,5.121,308489.65,5.1027,334177.8235,,,,,,,,
239,20200803,300420.SZ,5.2427,5.6024,5.2045,5.6024,5.0897,0.5127000000000006,10.0733,621458.24,450130.376,12.1844,5.1157,266588.83,5.0812,269334.887,5.0636,319787.677,,,,,,,,
240,20200731,300420.SZ,5.0208,5.1738,4.9902,5.0897,4.9672,0.12249999999999961,2.4662,213908.8,141922.759,4.1939,4.9703,171669.72,5.0338,230373.621,5.0158,301530.509,,,,,,,,
241,20200730,300420.SZ,5.0131,5.0973,4.9672,4.9672,5.0131,-0.04589999999999961,-0.9156,181609.0,119249.169,3.5607,4.9381,191390.878,5.02,233159.394,,,,,,,,,,
242,20200729,300420.SZ,4.8983,5.0284,4.8447,5.0131,4.906,0.10709999999999997,2.183,174545.4,113267.377,3.4222,4.9963,226267.246,5.0254,251582.542,,,,,,,,,,
243,20200728,300420.SZ,4.8294,4.9595,4.8294,4.906,4.8754,0.03059999999999974,0.6276,141422.71,90475.036,2.7728,5.0192,259448.726,5.0583,288195.273,,,,,,,,,,
244,20200727,300420.SZ,4.906,4.9749,4.8447,4.8754,4.9289,-0.05349999999999966,-1.0854,146862.69,94026.671,2.8794,5.0468,272080.944,5.1096,349566.162,,,,,,,,,,
245,20200724,300420.SZ,5.1968,5.2427,4.8983,4.9289,5.258,-0.3291000000000004,-6.259,312514.59,206661.522,6.1272,5.0973,289077.522,5.157,361637.62,,,,,,,,,,
246,20200723,300420.SZ,5.0897,5.3193,4.9902,5.258,5.1279,0.13009999999999966,2.5371,355990.84,240185.463,6.9796,5.1019,274927.91,5.1501,361610.248,,,,,,,,,,
247,20200722,300420.SZ,5.0055,5.3346,4.9825,5.1279,5.0437,0.08420000000000005,1.6694,340452.8,230860.636,6.675,5.0544,276897.838,5.1134,362665.542,,,,,,,,,,
248,20200721,300420.SZ,5.1662,5.1738,4.9902,5.0437,5.1279,-0.08420000000000005,-1.642,204583.8,135574.376,4.0111,5.0973,316941.82,5.0843,359865.997,,,,,,,,,,
249,20200720,300420.SZ,4.9749,5.1432,4.9136,5.1279,4.9519,0.17600000000000016,3.5542,231845.58,152374.245,4.5456,5.1723,427051.38,5.046,370240.467,,,,,,,,,,
250,20200717,300420.SZ,5.0514,5.1203,4.8294,4.9519,5.0208,-0.06890000000000018,-1.3723,241766.53,157132.05,4.7401,5.2167,434197.718,4.9978,372687.397,,,,,,,,,,
251,20200716,300420.SZ,5.4264,5.4264,4.9902,5.0208,5.3422,-0.3213999999999997,-6.0162,365840.48,248613.925,7.1727,5.1983,448292.586,,,,,,,,,,,,
252,20200715,300420.SZ,5.457,5.5718,5.1432,5.3422,5.4188,-0.0766,-1.4136,540672.71,377979.946,10.6005,5.1723,448433.246,,,,,,,,,,,,
253,20200714,300420.SZ,5.3652,5.5718,5.0743,5.4188,5.3499,0.06890000000000018,1.2879,755131.6,521415.953,14.8053,5.0713,402790.174,,,,,,,,,,,,
254,20200713,300420.SZ,5.3499,5.3499,5.2198,5.3499,4.86,0.48989999999999956,10.0802,267577.27,186804.351,5.2462,4.9198,313429.554,,,,,,,,,,,,
255,20200710,300420.SZ,4.8447,5.0208,4.8141,4.86,4.8907,-0.030699999999999505,-0.6277,312240.87,200920.54,6.1219,4.7789,311177.076,,,,,,,,,,,,
256,20200709,300420.SZ,4.8524,4.9442,4.7759,4.8907,4.8371,0.053599999999999426,1.1081,366543.78,232280.453,7.1865,,,,,,,,,,,,,,
257,20200708,300420.SZ,4.7299,4.86,4.7223,4.8371,4.6611,0.17600000000000016,3.7759,312457.35,196189.409,6.1261,,,,,,,,,,,,,,
258,20200707,300420.SZ,4.7452,4.8065,4.5922,4.6611,4.6457,0.015400000000000524,0.3315,308328.5,189842.908,6.0451,,,,,,,,,,,,,,
259,20200706,300420.SZ,4.5233,4.6611,4.5003,4.6457,4.4927,0.15299999999999958,3.4055,256314.88,153598.226,5.0254,,,,,,,,,,,,,,
