,trade_date,ts_code,open,high,low,close,pre_close,change,pct_chg,vol,amount,turnover_rate,ma5,ma_v_5,ma10,ma_v_10,ma20,ma_v_20,ma30,ma_v_30,ma60,ma_v_60,ma120,ma_v_120,ma250,ma_v_250
0,20210727,601600.SH,6.33,6.41,5.63,5.65,6.19,-0.54,-8.7237,4681319.46,2826120.862,3.5793,6.02,3907906.524,5.849,3501214.398,5.642,2895680.26,5.448,2465883.4123,5.3497,2574953.636,4.6763,2320814.6698,3.9976,1775666.0111
1,20210726,601600.SH,6.33,6.45,6.02,6.19,6.28,-0.08999999999999986,-1.4331,3903154.89,2446769.093,2.9844,6.024,3451949.458,5.861,3299208.969,5.62,2745422.2625,5.4297,2403947.658,5.3288,2521154.2163,4.6575,2291720.3844,3.9876,1762397.3912
2,20210723,601600.SH,6.22,6.41,6.13,6.28,6.17,0.11000000000000032,1.7828,4702112.88,2964080.148,3.5952,5.95,3434490.164,5.816,3397891.375,5.58,2605464.237,5.405,2385118.628,5.2997,2483352.9568,4.6349,2269946.0047,3.9758,1752103.4753
3,20210722,601600.SH,5.84,6.26,5.83,6.17,5.81,0.3600000000000003,6.1962,3869715.64,2348942.589,2.9588,5.858,3208087.066,5.774,3315331.508,5.5365,2471794.0555,5.367,2263006.2453,5.268,2442437.0493,4.612,2245179.687,3.9641,1738543.7341
4,20210721,601600.SH,5.75,5.89,5.66,5.81,5.67,0.13999999999999968,2.4691,2383229.75,1377660.745,1.8222,5.742,2921635.356,5.69,3158073.981,5.487,2364562.523,5.3343,2177648.5417,5.2365,2396626.7828,4.5913,2232661.1265,3.9531,1729232.5396
5,20210720,601600.SH,5.61,5.69,5.51,5.67,5.82,-0.15000000000000036,-2.5773,2401534.13,1348673.84,1.8362,5.678,3094522.272,5.645,3069158.516,5.455,2361285.909,5.3097,2140387.0503,5.2107,2382024.2668,4.5722,2221498.7667,3.9437,1726526.8693
6,20210719,601600.SH,5.98,6.05,5.74,5.82,5.82,0.0,0.0,3815858.42,2249844.479,2.9176,5.698,3146468.48,5.615,2982672.022,5.4155,2298199.8565,5.293,2097440.861,5.1863,2363030.7428,4.5537,2213014.4074,3.9345,1724458.2023
7,20210716,601600.SH,5.55,5.96,5.54,5.82,5.59,0.23000000000000043,4.1145,3570097.39,2083158.004,2.7297,5.682,3361292.586,5.57,2825873.01,5.3665,2165665.591,5.271,2023650.8923,5.1598,2326862.5562,4.5352,2189086.8385,3.9255,1720880.4914
8,20210715,601600.SH,5.46,5.63,5.38,5.59,5.49,0.09999999999999964,1.8215,2437457.09,1345547.16,1.8637,5.69,3422575.95,5.502,2619537.927,5.3195,2060956.071,5.2513,1943967.7293,5.1337,2292314.4767,4.5163,2170191.3317,3.9159,1717169.2239
9,20210714,601600.SH,5.74,5.78,5.45,5.49,5.77,-0.27999999999999936,-4.8527,3247664.33,1804194.014,2.4832,5.638,3394512.606,5.454,2500385.249,5.2825,1999231.1495,5.24,1910175.5773,5.111,2283754.189,4.4993,2162418.8834,3.9066,1719669.0718
10,20210713,601600.SH,5.79,5.85,5.65,5.77,5.74,0.02999999999999936,0.5226,2661265.17,1535060.688,2.0348,5.612,3043794.76,5.435,2290146.122,5.2475,1948217.9195,5.236,1888487.3153,5.0915,2272410.9048,4.484,2148693.8547,3.8978,1717763.4505
11,20210712,601600.SH,6.05,6.17,5.7,5.74,5.86,-0.1200000000000001,-2.0478,4889978.95,2907118.749,3.7389,5.532,2818875.564,5.379,2191635.556,5.214,1956317.0025,5.218,1887123.389,5.0648,2253062.8347,4.4663,2138012.3628,,
12,20210709,601600.SH,5.29,5.86,5.25,5.86,5.33,0.5300000000000002,9.9437,3876514.21,2194564.795,2.964,5.458,2290453.434,5.344,1813037.099,5.1995,1878732.2545,5.2053,1815211.4697,5.0382,2199093.6727,4.4484,2119626.7509,,
13,20210708,601600.SH,5.36,5.63,5.31,5.33,5.36,-0.03000000000000025,-0.5597,2297140.37,1252034.311,1.7564,5.314,1816499.904,5.299,1628256.603,5.1635,1736843.614,5.186,1748852.7833,5.0087,2169702.9348,4.4323,2105783.7028,,
14,20210707,601600.SH,5.24,5.4,5.18,5.36,5.37,-0.009999999999999787,-0.1862,1494075.1,792665.968,1.1424,5.27,1606257.892,5.284,1571051.065,5.1565,1687435.822,5.1833,1749632.9177,4.9907,2190658.653,4.4212,2115558.593,,
15,20210706,601600.SH,5.4,5.44,5.24,5.37,5.37,0.0,0.0,1536669.19,820140.269,1.1749,5.258,1536497.484,5.265,1653413.302,5.142,1676001.3175,5.1827,1769641.6087,4.968,2204497.2432,4.4077,2113886.213,,
16,20210705,601600.SH,5.25,5.51,5.25,5.37,5.14,0.23000000000000043,4.4747,2247868.3,1213416.134,1.7187,5.226,1564395.548,5.216,1613727.691,5.132,1654825.2805,5.1777,1783358.312,4.9435,2201547.8068,4.3946,2114202.3254,,
17,20210702,601600.SH,5.08,5.31,5.08,5.14,5.11,0.02999999999999936,0.5871,1506746.56,781658.008,1.1521,5.23,1335620.764,5.163,1505458.172,5.1215,1622539.8335,5.1767,1784678.7817,4.9175,2175236.0315,4.3813,2109980.2288,,
18,20210701,601600.SH,5.29,5.29,5.11,5.11,5.3,-0.1899999999999995,-3.5849,1245930.31,645395.684,0.9526,5.284,1440013.302,5.137,1502374.215,5.126,1606182.6305,5.178,1821559.752,4.8953,2163883.5355,4.3688,2105184.1701,,
19,20210630,601600.SH,5.25,5.38,5.25,5.3,5.21,0.08999999999999986,1.7274,1145273.06,607475.164,0.8757,5.298,1535844.238,5.111,1498077.05,5.133,1615070.7415,5.1837,1852491.6277,4.874,2158146.9582,4.3563,2104274.6634,,
20,20210629,601600.SH,5.33,5.4,5.17,5.21,5.39,-0.17999999999999972,-3.3395,1676159.51,879468.071,1.2816,5.272,1770329.12,5.06,1606289.717,5.1365,1687657.912,5.1887,1899938.8443,4.8485,2156827.5033,4.3417,2106360.7615,,
21,20210628,601600.SH,5.39,5.42,5.3,5.39,5.41,-0.020000000000000462,-0.3697,1103994.38,592175.131,0.8441,5.206,1663059.834,5.049,1720998.449,5.1375,1734867.3055,5.194,1960990.5307,4.8253,2146261.0247,4.3293,2104556.2867,,
22,20210625,601600.SH,5.19,5.49,5.17,5.41,5.18,0.23000000000000043,4.4402,2028709.25,1085479.568,1.5512,5.096,1675295.58,5.055,1944427.41,5.136,1816298.655,5.1903,2035380.328,4.7993,2148760.7182,4.3152,2106137.9297,,
23,20210624,601600.SH,5.2,5.32,5.16,5.18,5.17,0.009999999999999787,0.1934,1725084.99,902126.895,1.319,4.99,1564735.128,5.028,1845430.625,5.1295,1809150.8735,5.187,2131604.8467,4.7725,2133819.0877,4.3,2097436.4967,,
24,20210623,601600.SH,4.9,5.23,4.89,5.17,4.88,0.29000000000000004,5.9426,2317697.47,1174194.497,1.7721,4.924,1460309.862,5.029,1803820.579,5.133,1838923.844,5.2093,2205629.8177,4.7485,2128303.1557,4.2868,2093286.9144,,
25,20210622,601600.SH,4.9,4.93,4.77,4.88,4.84,0.040000000000000036,0.8264,1139813.08,554760.225,0.8715,4.848,1442250.314,5.019,1698589.333,5.1415,1827755.762,5.2297,2318131.9907,4.724,2126884.9287,4.273,2089249.9403,,
26,20210621,601600.SH,4.84,4.93,4.77,4.84,4.88,-0.040000000000000036,-0.8197,1165173.11,564173.493,0.8909,4.892,1778937.064,5.048,1695922.87,5.1585,1868173.6225,5.2597,2448570.985,4.7083,2147797.7388,4.2635,2092289.4997,,
27,20210618,601600.SH,4.69,4.91,4.61,4.88,4.85,0.03000000000000025,0.6186,1475906.99,706301.337,1.1285,5.014,2213559.24,5.08,1739621.495,5.1835,1924289.0865,5.2733,2574788.468,4.6968,2161119.1747,4.2548,2097115.7722,,
28,20210617,601600.SH,4.78,4.93,4.77,4.85,4.79,0.05999999999999961,1.2526,1202958.66,584092.191,0.9198,5.066,2126126.122,5.115,1709991.046,5.1985,1981152.5205,5.2733,2647546.6153,4.6847,2167104.0052,4.2458,2099866.7088,,
29,20210616,601600.SH,5.0,5.03,4.78,4.79,5.1,-0.3099999999999996,-6.0784,2227399.73,1088163.914,1.7031,5.134,2147331.296,5.155,1732064.433,5.22,2029698.9165,5.2597,2668340.615,4.675,2172723.2817,4.2352,2097721.0885,,
30,20210615,601600.SH,5.44,5.53,5.06,5.1,5.45,-0.35000000000000053,-6.422,2823246.83,1477652.416,2.1587,5.19,1954928.352,5.213,1769026.107,5.253,2046763.408,5.2513,2684023.8597,4.667,2162123.7657,4.2254,2086578.4872,,
31,20210611,601600.SH,5.25,5.52,5.15,5.45,5.14,0.3100000000000005,6.0311,3338283.99,1785112.674,2.5525,5.204,1612908.676,5.226,1748736.162,5.2665,2080986.5715,5.228,2638360.7747,4.656,2155269.2475,4.2135,2071890.6389,,
32,20210610,601600.SH,5.16,5.25,5.12,5.14,5.19,-0.05000000000000071,-0.9634,1038741.4,537499.456,0.7942,5.146,1265683.75,5.217,1688169.9,5.258,2080856.787,5.1943,2581587.2857,4.6407,2156113.5692,4.1989,2059986.7238,,
33,20210609,601600.SH,5.08,5.25,5.08,5.19,5.07,0.1200000000000001,2.3669,1308984.53,677351.466,1.0009,5.164,1293855.97,5.231,1772871.122,5.2665,2274691.9575,5.169,2621867.8533,4.629,2206868.4898,4.1878,2062752.1621,,
34,20210608,601600.SH,5.14,5.2,5.06,5.07,5.17,-0.09999999999999964,-1.9342,1265385.01,646535.605,0.9675,5.176,1316797.57,5.237,1874027.109,5.2995,2406534.437,5.1387,2615605.024,4.6153,2244003.5937,4.1761,2063004.8733,,
35,20210607,601600.SH,5.2,5.3,5.16,5.17,5.16,0.009999999999999787,0.1938,1113148.45,581344.737,0.8511,5.236,1583123.862,5.264,1956922.191,5.335,2627903.3195,5.1117,2623661.4833,4.597,2246747.9243,4.166,2062997.1562,,
36,20210604,601600.SH,5.1,5.25,5.06,5.16,5.23,-0.07000000000000028,-1.3384,1602159.36,822330.35,1.225,5.248,1884563.648,5.269,2040424.375,5.3655,2824895.0425,5.0797,2628620.6247,4.5778,2264923.75,4.1553,2071296.6462,,
37,20210603,601600.SH,5.2,5.34,5.19,5.23,5.25,-0.019999999999999574,-0.381,1179602.5,621703.474,0.9019,5.288,2110656.05,5.287,2108956.678,5.37,2992371.9545,5.0487,2630074.22,4.5588,2271954.0503,4.1456,2070905.338,,
38,20210602,601600.SH,5.3,5.41,5.23,5.25,5.37,-0.1200000000000001,-2.2346,1423692.53,754979.781,1.0886,5.298,2251886.274,5.282,2252313.995,5.3525,3116324.4,5.016,2640661.224,4.5395,2291216.7262,4.1349,2085188.4178,,
39,20210601,601600.SH,5.18,5.4,5.05,5.37,5.23,0.13999999999999968,2.6769,2597016.47,1349449.193,1.9857,5.298,2431256.648,5.285,2327333.4,5.312,3136478.706,4.982,2657332.8007,4.5243,2322166.1445,4.126,2094658.9879,,
40,20210531,601600.SH,5.35,5.54,5.22,5.23,5.36,-0.1299999999999999,-2.4254,2620347.38,1403218.893,2.0035,5.292,2330720.52,5.293,2324500.709,5.2705,3141522.736,4.947,2656334.4943,4.5085,2327016.7478,4.1153,2092702.1271,,
41,20210528,601600.SH,5.45,5.5,5.35,5.36,5.28,0.08000000000000007,1.5152,2732621.37,1480385.199,2.0894,5.29,2196285.102,5.307,2413236.981,5.229,3083173.081,4.9117,2619002.2803,4.4903,2327968.3862,4.1062,2104139.2772,,
42,20210527,601600.SH,5.25,5.37,5.2,5.28,5.25,0.03000000000000025,0.5714,1885753.62,993339.109,1.4419,5.286,2107257.306,5.299,2473543.674,5.183,3028295.9785,4.871,2582975.8757,4.4738,2327193.0002,4.0954,2106690.4095,,
43,20210526,601600.SH,5.31,5.44,5.23,5.25,5.34,-0.08999999999999986,-1.6854,2320544.4,1234546.645,1.7743,5.266,2252741.716,5.302,2776512.793,5.138,3046366.219,4.8313,2590553.0863,4.4567,2352188.1855,4.0853,2118285.5085,,
44,20210525,601600.SH,5.21,5.42,5.12,5.34,5.22,0.1200000000000001,2.2989,2094335.83,1112178.781,1.6013,5.272,2223410.152,5.362,2939041.765,5.0895,2986393.9815,4.798,2631684.3883,4.4445,2392375.2938,4.0756,2140332.1234,,
45,20210524,601600.SH,5.2,5.33,5.12,5.22,5.34,-0.1200000000000001,-2.2472,1948170.29,1013630.44,1.4896,5.294,2318280.898,5.406,3298884.448,5.0355,2957031.1295,4.7533,2639352.8777,4.4263,2420869.563,4.0654,2166739.4416,,
46,20210521,601600.SH,5.13,5.44,5.11,5.34,5.18,0.16000000000000014,3.0888,2287482.39,1210876.168,1.749,5.324,2630188.86,5.462,3609365.71,4.985,2922718.7495,4.7093,2619737.3017,4.4123,2459679.4905,4.0542,2195384.9487,,
47,20210520,601600.SH,4.99,5.23,4.94,5.18,5.28,-0.10000000000000053,-1.8939,2613175.67,1325821.791,1.998,5.312,2839830.042,5.453,3875787.231,4.9295,2890632.991,4.6583,2565793.2813,4.396,2503985.5638,4.0398,2203027.9579,,
48,20210519,601600.SH,5.33,5.37,5.22,5.28,5.45,-0.16999999999999993,-3.1193,2173886.58,1149049.868,1.6622,5.338,3300283.87,5.423,3980334.805,4.883,2834834.8385,4.6127,2506207.319,4.3767,2526277.3695,4.0248,2196483.619,,
49,20210518,601600.SH,5.48,5.58,5.41,5.45,5.37,0.08000000000000007,1.4898,2568689.56,1410646.54,1.964,5.452,3654673.378,5.339,3945624.012,4.8305,2822332.501,4.5643,2463802.2887,4.3545,2552360.5478,4.0097,2196863.9807,,
50,20210517,601600.SH,5.29,5.48,5.2,5.37,5.28,0.08999999999999986,1.7045,3507710.1,1878570.063,2.682,5.518,4279487.998,5.248,3958544.763,4.774,2822251.387,4.5083,2413716.1623,4.3235,2535476.0577,3.9922,2190412.7362,,
51,20210514,601600.SH,5.32,5.42,5.18,5.28,5.31,-0.02999999999999936,-0.565,3335688.3,1759776.907,2.5505,5.6,4588542.56,5.151,3753109.181,4.714,2721884.93,4.4567,2331531.5187,4.2933,2503959.275,3.9762,2183461.9593,,
52,20210513,601600.SH,5.6,5.61,5.27,5.31,5.85,-0.54,-9.2308,4915444.81,2651074.273,3.7584,5.594,4911744.42,5.067,3583048.283,4.657,2637691.9765,4.4083,2262141.1083,4.263,2474972.4865,3.9598,2166450.8525,,
53,20210512,601600.SH,5.64,5.87,5.58,5.85,5.78,0.0699999999999994,1.2111,3945834.12,2268846.077,3.017,5.508,4660385.74,4.974,3316219.645,4.596,2497573.233,4.358,2136033.3287,4.2298,2420118.3633,3.9428,2134272.4868,,
54,20210511,601600.SH,5.53,5.98,5.41,5.78,5.78,0.0,0.0,5692762.66,3218585.826,4.3527,5.226,4236574.646,4.817,3033746.198,4.516,2478005.7,4.2877,2050976.4937,4.187,2371483.6805,3.9218,2115321.267,,
55,20210510,601600.SH,5.4,5.78,5.27,5.78,5.25,0.5300000000000002,10.0952,5052982.91,2786087.048,3.8635,4.978,3637601.528,4.665,2615177.811,4.427,2309587.0925,4.2183,1935637.8667,4.1462,2298275.3292,3.901,2085741.5644,,
56,20210507,601600.SH,5.03,5.25,4.96,5.25,4.88,0.3700000000000001,7.582,4951697.6,2536243.864,3.7861,4.702,2917675.802,4.508,2236071.789,4.333,2124923.0975,4.157,1847024.4927,4.1042,2227160.3755,3.8802,2064579.2119,,
57,20210506,601600.SH,4.68,4.88,4.67,4.88,4.44,0.4399999999999995,9.9099,3658651.41,1761281.749,2.7974,4.54,2254352.146,4.406,1905478.751,4.261,1910796.3065,4.1203,1747449.8813,4.0712,2157044.5087,3.8621,2029523.2972,,
58,20210430,601600.SH,4.52,4.53,4.36,4.44,4.54,-0.09999999999999964,-2.2026,1826778.65,811632.828,1.3968,4.44,1972053.55,4.343,1689334.872,4.2075,1769143.576,4.096,1686661.395,4.0432,2111315.0805,3.8467,2003018.2286,,
59,20210429,601600.SH,4.44,4.62,4.37,4.54,4.4,0.13999999999999968,3.1818,2697897.07,1215057.635,2.0628,4.408,1830917.75,4.322,1699040.99,4.177,1722891.427,4.0903,1677105.9483,4.0232,2097738.1152,3.8347,1991960.2836,,
60,20210428,601600.SH,4.4,4.44,4.31,4.4,4.44,-0.040000000000000036,-0.9009,1453354.28,636917.714,1.1112,4.352,1592754.094,4.3,1685958.011,4.1385,1641301.862,4.0827,1640223.6717,4.003,2066675.7037,3.822,1976535.601,,
61,20210427,601600.SH,4.43,4.51,4.36,4.44,4.38,0.0600000000000005,1.3699,1635079.32,725798.105,1.2502,4.314,1554467.776,4.277,1690660.679,4.1095,1620742.6875,4.084,1672177.7203,3.9862,2062286.5525,3.8095,1967886.9294,,
62,20210426,601600.SH,4.3,4.55,4.29,4.38,4.28,0.09999999999999964,2.3364,2247158.43,993685.096,1.7182,4.272,1556605.356,4.247,1692335.67,4.079,1601687.521,4.087,1730639.8527,3.9702,2056539.0527,3.7964,1958336.7659,,
63,20210423,601600.SH,4.26,4.3,4.2,4.28,4.26,0.020000000000000462,0.4695,1121099.65,477892.186,0.8572,4.246,1406616.194,4.218,1678926.821,4.05,1545940.1705,4.089,1791869.1263,3.956,2047922.3247,3.7843,1942506.0581,,
64,20210422,601600.SH,4.27,4.35,4.25,4.26,4.21,0.04999999999999982,1.1876,1507078.79,647723.072,1.1523,4.236,1567164.23,4.215,1922265.202,4.023,1559591.6415,4.092,1872402.1633,3.946,2068695.4702,3.7732,1936358.1487,,
65,20210421,601600.SH,4.17,4.25,4.13,4.21,4.23,-0.020000000000000462,-0.4728,1261922.69,528730.188,0.9649,4.248,1779161.928,4.189,2003996.374,3.995,1595867.8945,4.0823,1869834.3653,3.9337,2060973.2667,3.7622,1925663.8938,,
66,20210420,601600.SH,4.2,4.33,4.15,4.23,4.25,-0.019999999999999574,-0.4706,1645767.22,696576.765,1.2584,4.24,1826853.582,4.158,2013774.406,3.9815,1652500.8445,4.076,1901226.8753,3.9212,2062998.072,3.7515,1917729.512,,
67,20210419,601600.SH,4.2,4.26,4.15,4.25,4.23,0.019999999999999574,0.4728,1497212.62,632810.136,1.1448,4.222,1828065.984,4.116,1916113.862,3.9775,1668435.4465,4.069,1913833.8807,3.9105,2051311.1208,3.7408,1906284.0851,,
68,20210416,601600.SH,4.32,4.35,4.2,4.23,4.32,-0.08999999999999986,-2.0833,1923839.83,819145.821,1.471,4.19,1951237.448,4.072,1848952.28,3.9725,1685324.6565,4.063,1941772.2283,3.8988,2048068.1868,3.7301,1895915.6394,,
69,20210415,601600.SH,4.19,4.36,4.16,4.32,4.17,0.15000000000000036,3.5971,2567067.28,1093124.054,1.9628,4.194,2277366.174,4.032,1746741.864,3.9745,1666138.4275,4.0667,1986999.4883,3.8877,2041083.5778,3.7196,1881889.8745,,
70,20210414,601600.SH,4.19,4.27,4.11,4.17,4.14,0.03000000000000025,0.7246,1500380.96,627046.125,1.1472,4.13,2228830.82,3.977,1596645.713,3.974,1617356.502,4.07,1997699.0013,3.8765,2024976.8045,3.7085,1862688.9227,,
71,20210413,601600.SH,4.08,4.2,4.02,4.14,4.09,0.04999999999999982,1.2225,1651829.23,680985.381,1.263,4.076,2200695.23,3.942,1550824.696,3.9875,1662936.241,4.069,2036934.492,3.8677,2022961.891,3.6987,1853741.2368,,
72,20210412,601600.SH,4.2,4.22,4.08,4.09,4.25,-0.16000000000000014,-3.7647,2113069.94,875058.592,1.6157,4.01,2004161.74,3.911,1511039.372,4.007,1749791.944,4.0767,2071410.1247,3.8587,2040159.8292,3.6891,1842865.7706,,
73,20210409,601600.SH,4.2,4.32,4.13,4.25,4.0,0.25,6.25,3554483.46,1500733.415,2.7178,3.954,1746667.112,3.882,1412953.52,4.0245,1848340.279,4.082,2113823.2847,3.856,2041864.4708,3.6797,1827760.5915,,
74,20210408,601600.SH,3.92,4.1,3.9,4.0,3.9,0.10000000000000009,2.5641,2324390.51,929150.458,1.7772,3.87,1216117.554,3.831,1196918.081,4.0305,1847470.644,4.091,2153066.1993,3.8518,2040458.533,3.6691,1801449.4882,,
75,20210407,601600.SH,3.79,3.93,3.75,3.9,3.81,0.08999999999999986,2.3622,1359703.01,523346.331,1.0396,3.824,964460.606,3.801,1187739.415,4.029,1802753.361,4.0993,2202386.2483,3.8473,2023275.1828,3.6609,1784433.7728,,
76,20210406,601600.SH,3.82,3.86,3.81,3.81,3.81,0.0,0.0,669161.78,256197.34,0.5116,3.808,900954.162,3.805,1291227.283,4.035,1844953.11,4.1153,2299621.6793,3.8457,2026856.844,3.6538,1777383.775,,
77,20210402,601600.SH,3.83,3.86,3.76,3.81,3.83,-0.020000000000000018,-0.5222,825596.8,314774.068,0.6313,3.812,1017917.004,3.839,1420757.031,4.0455,1912693.89,4.1337,2442177.8463,3.8452,2044724.4262,3.6469,1775620.0965,,
78,20210401,601600.SH,3.79,3.85,3.73,3.83,3.77,0.06000000000000005,1.5915,901735.67,342039.671,0.6895,3.81,1079239.928,3.873,1521697.033,4.0585,1988182.2025,4.1407,2546347.42,3.8422,2046484.8047,3.6394,1772492.5807,,
79,20210331,601600.SH,3.76,3.79,3.71,3.77,3.82,-0.04999999999999982,-1.3089,1066105.77,399494.294,0.8151,3.792,1177718.608,3.917,1585534.991,4.084,2107128.3005,4.1447,2640918.807,3.8387,2050402.3687,3.632,1767564.1262,,
80,20210330,601600.SH,3.82,3.86,3.73,3.82,3.83,-0.010000000000000231,-0.2611,1042170.79,396007.231,0.7968,3.778,1411018.224,3.971,1638067.291,4.1165,2198225.6455,4.1387,2657235.953,3.8348,2055894.0197,3.6251,1760899.6775,,
81,20210329,601600.SH,3.87,3.9,3.81,3.83,3.8,0.03000000000000025,0.7895,1253975.99,482555.848,0.9588,3.802,1681500.404,4.033,1775047.786,4.1325,2279989.39,4.13,2676387.0313,3.8332,2062851.5487,3.6178,1755059.8019,,
82,20210326,601600.SH,3.76,3.82,3.75,3.8,3.74,0.05999999999999961,1.6043,1132211.42,428905.571,0.8657,3.866,1823597.058,4.103,1988544.516,4.1595,2351595.501,4.1177,2687803.8647,3.8312,2063515.1412,3.6106,1749170.0282,,
83,20210325,601600.SH,3.71,3.81,3.69,3.74,3.7,0.040000000000000036,1.0811,1394129.07,523226.861,1.066,3.936,1964154.138,4.167,2283727.038,4.182,2464258.167,4.1017,2704203.398,3.8275,2061053.9058,3.6041,1743237.3304,,
84,20210324,601600.SH,3.83,3.87,3.69,3.7,3.94,-0.23999999999999977,-6.0914,2232603.85,838518.149,1.7071,4.042,1993351.374,4.23,2498023.207,4.221,2631140.2585,4.0863,2691990.8673,3.825,2058270.6732,3.5983,1735448.7527,,
85,20210323,601600.SH,4.16,4.17,3.9,3.94,4.15,-0.2100000000000004,-5.0602,2394581.69,956259.696,1.8309,4.164,1865116.358,4.257,2417767.307,4.2485,2709709.665,4.074,2660912.7917,3.822,2051614.952,3.5934,1720432.3239,,
86,20210322,601600.SH,4.17,4.27,4.1,4.15,4.15,0.0,0.0,1964459.26,818800.733,1.502,4.264,1868595.168,4.265,2398678.937,4.2705,2803818.8775,4.0513,2607296.2583,3.8187,2036781.2605,3.5865,1706101.3308,,
87,20210319,601600.SH,4.15,4.21,4.07,4.15,4.27,-0.11999999999999922,-2.8103,1834996.82,758447.498,1.403,4.34,2153491.974,4.252,2404630.749,4.281,2952888.254,4.022,2566639.136,3.8128,2033112.3698,3.5771,1692784.5218,,
88,20210318,601600.SH,4.4,4.44,4.26,4.27,4.31,-0.040000000000000036,-0.9281,1540115.25,666705.879,1.1776,4.398,2603299.938,4.244,2454667.372,4.2745,3058672.6135,3.9903,2535968.766,3.8068,2032629.4123,3.5679,1680221.3167,,
89,20210317,601600.SH,4.34,4.38,4.26,4.31,4.44,-0.13000000000000078,-2.9279,1591428.77,685667.49,1.2168,4.418,3002695.04,4.251,2628721.61,4.2585,3168610.715,3.956,2518370.282,3.7955,2022718.8953,3.5577,1670072.0828,,
90,20210316,601600.SH,4.57,4.65,4.4,4.44,4.53,-0.08999999999999986,-1.9868,2411975.74,1083810.897,1.8442,4.35,2970418.256,4.262,2758384.0,4.2225,3166820.284,3.9233,2493127.7357,3.7838,2011033.2087,3.5473,1659547.1638,,
91,20210315,601600.SH,4.54,4.74,4.46,4.53,4.44,0.08999999999999986,2.027,3388943.29,1553855.383,2.5912,4.266,2928762.706,4.232,2784930.994,4.1785,3127056.654,3.8883,2452395.3847,3.771,1988512.0303,3.5358,1642804.6452,,
92,20210312,601600.SH,4.48,4.57,4.37,4.44,4.37,0.07000000000000028,1.6018,4084036.64,1822875.598,3.1227,4.164,2655769.524,4.216,2714646.486,4.125,3037433.539,3.8533,2382438.2527,3.7572,1963859.8785,3.5233,1620738.9259,,
93,20210311,601600.SH,4.05,4.37,4.03,4.37,3.97,0.3999999999999999,10.0756,3537090.76,1496653.943,2.7045,4.09,2306034.806,4.197,2644789.296,4.069,2914441.578,3.823,2303975.523,3.7465,1918635.8343,3.5125,1593656.4839,,
94,20210310,601600.SH,4.03,4.05,3.91,3.97,4.02,-0.04999999999999938,-1.2438,1430044.85,568201.783,1.0934,4.084,2254748.18,4.212,2764257.31,4.0145,2788974.6975,3.8,2264988.777,3.7368,1882006.153,3.5021,1568279.2941,,
95,20210309,601600.SH,4.06,4.15,3.85,4.02,4.02,0.0,0.0,2203697.99,885944.55,1.685,4.174,2546349.744,4.24,3001652.023,3.9825,2782485.534,3.785,2252112.168,3.735,1879246.3882,3.4945,1561336.9169,,
96,20210308,601600.SH,4.17,4.25,4.01,4.02,4.07,-0.05000000000000071,-1.2285,2023977.38,837538.245,1.5475,4.198,2641099.282,4.276,3208958.818,3.9445,2711604.919,3.7663,2224769.2687,3.7328,1877669.5425,3.4865,1546747.9431,,
97,20210305,601600.SH,4.1,4.12,4.01,4.07,4.34,-0.2699999999999996,-6.2212,2335363.05,949932.595,1.7856,4.268,2773523.448,4.31,3501145.759,3.907,2647643.3295,3.752,2188788.361,3.7323,1869856.6257,3.4787,1534670.7205,,
98,20210304,601600.SH,4.37,4.55,4.3,4.34,4.42,-0.08000000000000007,-1.81,3280657.63,1447629.318,2.5084,4.304,2983543.786,4.305,3662677.855,3.8635,2576619.463,3.7347,2154364.1453,3.7303,1879160.1095,3.4707,1521267.2071,,
99,20210303,601600.SH,4.26,4.42,4.25,4.42,4.14,0.28000000000000025,6.7633,2888052.67,1258833.788,2.2082,4.34,3273766.44,4.266,3708499.82,3.8085,2463194.618,3.7087,2095167.6673,3.7277,1867151.8313,3.4609,1498060.0679,,
100,20210302,601600.SH,4.32,4.35,4.1,4.14,4.37,-0.23000000000000043,-5.2632,2677445.68,1123125.593,2.0472,4.306,3456954.302,4.183,3575256.568,3.754,2360499.6035,3.683,2052254.6077,3.7222,1858387.5063,3.4504,1480753.0862,,
101,20210301,601600.SH,4.3,4.39,4.22,4.37,4.25,0.1200000000000001,2.8235,2686098.21,1158481.409,2.0538,4.354,3776818.354,4.125,3469182.314,3.7165,2286127.58,3.6663,2008989.29,3.722,1880310.1682,3.4426,1465141.8049,,
102,20210226,601600.SH,4.22,4.42,4.2,4.25,4.52,-0.2699999999999996,-5.9735,3385464.74,1454627.376,2.5885,4.352,4228768.07,4.034,3360220.592,3.672,2216334.136,3.6407,2008909.5337,3.717,1886187.8188,3.4327,1447237.2623,,
103,20210225,601600.SH,4.51,4.63,4.39,4.52,4.25,0.2699999999999996,6.3529,4731770.9,2141215.484,3.6179,4.306,4341811.924,3.941,3184093.86,3.636,2133568.6365,3.63,1969905.657,3.714,1884382.8315,3.4238,1424318.8364,,
104,20210224,601600.SH,4.33,4.51,4.18,4.25,4.38,-0.1299999999999999,-2.968,3803991.98,1644301.448,2.9085,4.192,4143233.2,3.817,2813692.085,3.594,2015354.5105,3.6127,1927850.8667,3.7067,1888288.953,3.413,1389485.9163,,
105,20210223,601600.SH,4.38,4.51,4.3,4.38,4.36,0.019999999999999574,0.4587,4276765.94,1884161.566,3.27,4.06,3693558.834,3.725,2563319.045,3.5575,1877342.2405,3.5953,1844164.1173,3.7045,1912609.3202,3.4048,1361490.3813,,
106,20210222,601600.SH,4.17,4.42,4.16,4.36,4.02,0.34000000000000075,8.4577,4945846.79,2151500.661,3.7816,3.896,3161546.274,3.613,2214251.02,3.5115,1732674.494,3.576,1754092.0087,3.696,1931090.4068,3.3958,1331279.148,,
107,20210219,601600.SH,3.95,4.07,3.87,4.02,3.95,0.0699999999999994,1.7722,3950684.01,1570774.555,3.0207,3.716,2491673.114,3.504,1794140.9,3.473,1532609.662,3.5567,1647271.006,3.6837,1902070.352,3.3866,1295123.094,,
108,20210218,601600.SH,3.9,3.95,3.87,3.95,3.59,0.3600000000000003,10.0279,3738877.28,1470939.139,2.8588,3.576,2026375.796,3.422,1490561.071,3.4495,1400207.2905,3.5437,1546622.1893,3.673,1866689.8685,3.3807,1268551.3123,,
109,20210210,601600.SH,3.55,3.63,3.48,3.59,3.56,0.029999999999999805,0.8427,1555620.15,552814.663,1.1894,3.442,1484150.97,3.351,1217889.416,3.43,1288501.591,3.5327,1459885.9303,3.6648,1841367.4135,3.3755,1244212.1329,,
110,20210209,601600.SH,3.5,3.58,3.48,3.56,3.46,0.10000000000000009,2.8902,1616703.14,570916.657,1.2361,3.39,1433079.256,3.325,1145742.639,3.433,1290753.6275,3.531,1454552.0863,3.6608,1845349.4147,3.3732,1239373.9328,,
111,20210208,601600.SH,3.33,3.5,3.32,3.46,3.32,0.14000000000000012,4.2169,1596480.99,547427.978,1.2207,3.33,1266955.766,3.308,1103072.846,3.437,1278892.778,3.5363,1449316.066,3.659,1862964.6435,3.3706,1231721.7886,,
112,20210205,601600.SH,3.31,3.44,3.3,3.32,3.28,0.040000000000000036,1.2195,1624197.42,546894.271,1.2419,3.292,1096608.686,3.31,1072447.68,3.444,1333254.0045,3.5447,1439226.4177,3.6565,1857929.2185,3.3686,1223588.1991,,
113,20210204,601600.SH,3.3,3.34,3.2,3.28,3.33,-0.050000000000000266,-1.5015,1027753.15,335100.561,0.7858,3.268,954746.346,3.331,1083043.413,3.4745,1362811.5555,3.5533,1417904.4137,3.6558,1848426.6103,3.3678,1218435.2965,,
114,20210203,601600.SH,3.26,3.41,3.23,3.33,3.26,0.07000000000000028,2.1472,1300261.58,433091.12,0.9942,3.26,951627.862,3.371,1217016.936,3.5105,1484930.2575,3.5637,1424550.479,3.6567,1859158.8535,3.3678,1219016.0341,,
115,20210202,601600.SH,3.26,3.29,3.22,3.26,3.27,-0.010000000000000231,-0.3058,786085.69,255782.781,0.601,3.26,858406.022,3.39,1191365.436,3.5305,1484586.6535,3.57,1442317.1123,3.6558,1873207.7997,3.3681,1217022.7238,,
116,20210201,601600.SH,3.2,3.28,3.18,3.27,3.2,0.06999999999999984,2.1875,744745.59,240363.912,0.5694,3.286,939189.926,3.41,1251097.968,3.5575,1524012.503,3.586,1466266.2627,3.6563,1901998.0483,3.369,1222621.7738,,
117,20210129,601600.SH,3.25,3.29,3.15,3.2,3.24,-0.040000000000000036,-1.2346,914885.72,294599.349,0.6995,3.328,1048286.674,3.442,1271078.424,3.583,1573836.059,3.6037,1499585.6037,3.653,1902002.0858,3.3708,1232175.6337,,
118,20210128,601600.SH,3.29,3.33,3.22,3.24,3.33,-0.08999999999999986,-2.7027,1012160.73,330231.921,0.7739,3.394,1211340.48,3.477,1309853.51,3.6045,1574652.7485,3.6233,1529290.0587,3.6502,1894721.3767,3.3727,1237274.8222,,
119,20210127,601600.SH,3.39,3.41,3.33,3.33,3.39,-0.06000000000000005,-1.7699,834152.38,279691.497,0.6378,3.482,1482406.01,3.509,1359113.766,3.6235,1580884.1875,3.635,1527067.5087,3.6462,1886182.452,3.374,1243429.6218,,
120,20210126,601600.SH,3.45,3.51,3.35,3.39,3.48,-0.08999999999999986,-2.5862,1190005.21,405960.63,0.9099,3.52,1524324.85,3.541,1435764.616,3.634,1608956.81,3.6443,1528938.6817,3.641,1886395.4983,3.3743,1249241.5789,,
121,20210125,601600.SH,3.51,3.56,3.45,3.48,3.53,-0.04999999999999982,-1.4164,1290229.33,452010.809,0.9865,3.534,1563006.01,3.566,1454712.71,3.6505,1622437.676,3.6537,1524628.676,3.6328,1873487.3063,3.3735,1250041.6455,,
122,20210122,601600.SH,3.64,3.66,3.53,3.53,3.68,-0.15000000000000036,-4.0761,1730154.75,618891.833,1.3229,3.556,1493870.174,3.578,1594060.329,3.662,1622615.7865,3.661,1545281.5043,3.6227,1860134.4792,3.372,1251424.6966,,
123,20210121,601600.SH,3.52,3.75,3.49,3.68,3.52,0.16000000000000014,4.5455,2367488.38,863740.665,1.8102,3.56,1408366.54,3.618,1642579.698,3.6645,1585334.914,3.67,1533296.1457,3.6127,1837089.7915,3.37,1249762.3756,,
124,20210120,601600.SH,3.45,3.53,3.43,3.52,3.46,0.06000000000000005,1.7341,1043746.58,363683.164,0.7981,3.536,1235821.522,3.65,1752843.579,3.66,1528317.2505,3.6737,1499023.529,3.6005,1804020.8273,3.3666,1244688.3752,,
125,20210119,601600.SH,3.57,3.57,3.42,3.46,3.59,-0.1299999999999999,-3.6212,1383411.01,483694.356,1.0578,3.562,1347204.382,3.671,1777807.871,3.66,1567792.9505,3.685,1506380.6083,3.5907,1790354.5208,3.3644,1245999.3084,,
126,20210118,601600.SH,3.55,3.61,3.51,3.59,3.55,0.040000000000000036,1.1268,944550.15,336713.212,0.7222,3.598,1346419.41,3.705,1796927.038,3.674,1573850.41,3.6993,1530569.8163,3.5818,1772460.952,3.3625,1246511.6573,,
127,20210115,601600.SH,3.58,3.65,3.51,3.55,3.56,-0.010000000000000231,-0.2809,1302636.58,466438.271,0.996,3.6,1694250.484,3.724,1876593.694,3.6845,1613839.1935,3.7127,1550924.8903,3.5712,1761257.0493,3.3608,1249731.7538,,
128,20210114,601600.SH,3.61,3.74,3.56,3.56,3.65,-0.08999999999999986,-2.4658,1504763.29,545030.645,1.1505,3.676,1876792.856,3.732,1839451.987,3.6965,1639008.333,3.726,1603956.0737,3.5613,1743763.092,3.3596,1251995.853,,
129,20210113,601600.SH,3.62,3.77,3.59,3.65,3.64,0.009999999999999787,0.2747,1600660.88,590648.155,1.2239,3.764,2269865.636,3.738,1802654.609,3.698,1611044.38,3.7467,1639135.9953,3.5515,1722696.1712,3.3585,1255021.6468,,
130,20210112,601600.SH,3.57,3.64,3.53,3.64,3.6,0.040000000000000036,1.1111,1379486.15,495109.482,1.0548,3.78,2208411.36,3.727,1782149.004,3.696,1575525.7145,3.7613,1664520.405,3.5405,1700401.041,3.357,1258842.4687,,
131,20210111,601600.SH,3.86,3.86,3.56,3.6,3.93,-0.33000000000000007,-8.3969,2683705.52,994261.659,2.052,3.812,2247434.666,3.735,1790162.642,3.6975,1559586.659,3.7777,1751631.0463,3.5297,1684520.5827,3.3529,1258714.7881,,
132,20210108,601600.SH,3.98,3.98,3.83,3.93,4.0,-0.06999999999999984,-1.75,2215348.44,862105.039,1.6939,3.848,2058936.904,3.746,1651171.244,3.7025,1520892.092,3.7933,1763466.104,3.5195,1645571.712,3.3498,1247431.208,,
133,20210107,601600.SH,3.71,4.1,3.69,4.0,3.73,0.27,7.2386,3470127.19,1377849.731,2.6533,3.788,1802111.118,3.711,1528090.13,3.696,1478654.3695,3.798,1798860.006,3.5035,1613656.7122,3.3451,1239904.7842,,
134,20210106,601600.SH,3.8,3.84,3.72,3.73,3.8,-0.06999999999999984,-1.8421,1293389.5,486651.548,0.9889,3.712,1335443.582,3.67,1303790.922,3.6855,1372113.504,3.8007,1848727.0393,3.4863,1562440.4435,3.3402,1223836.3661,,
135,20210105,601600.SH,3.76,3.85,3.72,3.8,3.78,0.020000000000000018,0.5291,1574602.68,594457.079,1.2039,3.674,1355886.648,3.649,1357778.03,3.692,1370666.977,3.8137,1981054.523,3.4745,1545592.3628,3.338,1227281.555,,
136,20210104,601600.SH,3.62,3.82,3.61,3.78,3.63,0.1499999999999999,4.1322,1741216.71,653184.005,1.3313,3.658,1332890.618,3.643,1350773.782,3.6965,1397391.2055,3.816,2108088.805,3.4618,1527910.706,3.3344,1229862.9276,,
137,20201231,601600.SH,3.62,3.68,3.58,3.63,3.62,0.009999999999999787,0.2762,931219.51,337950.059,0.712,3.644,1243405.584,3.645,1351084.693,3.707,1388090.4885,3.8107,2156869.698,3.4487,1506515.7668,3.3327,1239698.0441,,
138,20201230,601600.SH,3.56,3.69,3.54,3.62,3.54,0.08000000000000007,2.2599,1136789.51,413032.513,0.8692,3.634,1254069.142,3.661,1438564.679,3.723,1486208.117,3.8023,2186757.5477,3.4367,1498500.3567,3.3308,1253956.8857,,
139,20201229,601600.SH,3.7,3.7,3.53,3.54,3.72,-0.18000000000000016,-4.8387,1395604.83,500734.577,1.0671,3.628,1272138.262,3.658,1419434.151,3.751,1557376.6885,3.797,2222848.8967,3.4253,1484725.8838,3.328,1270003.7988,,
140,20201228,601600.SH,3.7,3.81,3.67,3.72,3.71,0.010000000000000231,0.2695,1459622.53,546616.415,1.116,3.624,1359669.412,3.665,1368902.425,3.7785,1605706.1055,3.7907,2236146.743,3.4153,1465905.3353,3.3259,1281467.5835,,
141,20201225,601600.SH,3.56,3.75,3.53,3.71,3.58,0.1299999999999999,3.6313,1293791.54,472591.115,0.9892,3.628,1368656.946,3.66,1329010.676,3.799,1732365.2485,3.7817,2276613.221,3.4025,1447268.0552,,,,
142,20201224,601600.SH,3.6,3.64,3.54,3.58,3.59,-0.009999999999999787,-0.2786,984537.3,353008.042,0.7528,3.646,1458763.802,3.659,1390612.94,3.817,1819613.534,3.7683,2276632.0193,3.39,1434824.9153,,,,
143,20201223,601600.SH,3.5,3.63,3.5,3.59,3.52,0.06999999999999984,1.9886,1227135.11,437216.46,0.9383,3.688,1623060.216,3.681,1429218.609,3.8415,1934244.944,3.7583,2278948.807,3.3807,1425420.755,,,,
144,20201222,601600.SH,3.67,3.68,3.48,3.52,3.74,-0.2200000000000002,-5.8824,1833260.58,657659.367,1.4017,3.688,1566730.04,3.701,1440436.086,3.866,2121195.098,3.7497,2293767.228,3.3717,1412626.8322,,,,
145,20201221,601600.SH,3.76,3.79,3.69,3.74,3.8,-0.05999999999999961,-1.5789,1504560.2,561940.416,1.1504,3.706,1378135.438,3.735,1383555.924,3.896,2292692.7695,3.7417,2304098.487,3.3648,1389249.6958,,,,
146,20201218,601600.SH,3.85,3.89,3.78,3.8,3.79,0.009999999999999787,0.2639,1744325.82,667519.082,1.3337,3.692,1289364.406,3.75,1444008.629,3.9025,2486746.3165,3.7267,2337729.834,3.3543,1375421.4012,,,,
147,20201217,601600.SH,3.61,3.82,3.58,3.79,3.59,0.20000000000000018,5.571,1806019.37,672173.27,1.3809,3.672,1322462.078,3.769,1425096.284,3.8935,2559762.2005,3.7023,2304418.568,3.3413,1352456.6738,,,,
148,20201216,601600.SH,3.64,3.68,3.55,3.59,3.61,-0.020000000000000018,-0.554,945484.23,342123.947,0.7229,3.674,1235377.002,3.785,1533851.555,3.873,2560853.982,3.677,2260152.6947,3.329,1327813.221,,,,
149,20201215,601600.SH,3.66,3.66,3.57,3.61,3.67,-0.06000000000000005,-1.6349,890287.57,321206.338,0.6807,3.714,1314142.132,3.844,1695319.226,3.8665,2624556.2695,3.6573,2245297.3953,3.32,1317425.2703,,,,
150,20201214,601600.SH,3.63,3.7,3.59,3.67,3.7,-0.03000000000000025,-0.8108,1060705.04,386597.06,0.811,3.764,1388976.41,3.892,1842509.786,3.8535,2669768.902,3.6377,2243852.315,3.3108,1308061.1188,,,,
151,20201211,601600.SH,3.88,3.91,3.64,3.7,3.8,-0.09999999999999964,-2.6316,1909814.18,718477.522,1.4602,3.808,1598652.852,3.938,2135719.821,3.8425,2750414.4935,3.612,2222345.9367,3.3005,1297097.2602,,,,
152,20201210,601600.SH,3.8,3.81,3.73,3.8,3.79,0.009999999999999787,0.2639,1370593.99,517153.454,1.048,3.866,1527730.49,3.975,2248614.128,3.823,2719641.559,3.5843,2174987.454,3.2895,1277617.9733,,,,
153,20201209,601600.SH,3.86,3.91,3.78,3.79,3.86,-0.06999999999999984,-1.8135,1339309.88,514556.01,1.024,3.896,1832326.108,4.002,2439271.279,3.797,2703813.906,3.5553,2140883.4373,3.2785,1268677.1335,,,,
154,20201208,601600.SH,3.91,3.92,3.81,3.86,3.89,-0.03000000000000025,-0.7712,1264458.96,489084.255,0.9668,3.974,2076496.32,4.031,2801954.11,3.774,2720432.799,3.5273,2109018.1257,3.2673,1254552.4352,,,,
155,20201207,601600.SH,4.0,4.03,3.81,3.89,3.99,-0.10000000000000009,-2.5063,2109087.25,822181.088,1.6126,4.02,2296043.162,4.057,3201829.615,3.745,2764369.7685,3.4963,2074328.4333,3.254,1243427.4457,,,,
156,20201204,601600.SH,3.87,3.99,3.87,3.99,3.95,0.040000000000000036,1.0127,1555202.37,612682.577,1.1891,4.068,2672786.79,4.055,3529484.004,3.715,2784590.4365,3.4643,2014352.0877,3.2402,1215826.3437,,,,
157,20201203,601600.SH,4.06,4.08,3.92,3.95,4.18,-0.22999999999999954,-5.5024,2893572.08,1156269.684,2.2124,4.084,2969497.766,4.018,3694428.117,3.669,2744079.71,3.4297,1971589.2083,3.225,1199484.8153,,,,
158,20201202,601600.SH,4.18,4.29,4.11,4.18,4.09,0.08999999999999986,2.2005,2560160.94,1072331.6,1.9575,4.108,3046216.45,3.961,3587856.409,3.623,2623303.2645,3.3967,1883570.1103,3.211,1163374.3047,,,,
159,20201201,601600.SH,4.06,4.14,4.0,4.09,4.13,-0.040000000000000036,-0.9685,2362193.17,960211.401,1.8061,4.088,3527411.9,3.889,3553793.313,3.564,2520286.48,3.3563,1806256.347,3.1942,1128968.3045,,,,
160,20201130,601600.SH,4.07,4.29,4.04,4.13,4.07,0.05999999999999961,1.4742,3992805.39,1666300.937,3.0529,4.094,4107616.068,3.815,3497028.018,3.5105,2444523.5795,3.3197,1736281.677,3.1787,1103118.666,,,,
161,20201127,601600.SH,4.09,4.09,3.88,4.07,4.07,0.0,0.0,3038757.25,1212254.293,2.3234,4.042,4386181.218,3.747,3365109.166,3.449,2265658.9945,3.2817,1617410.119,3.1632,1049973.4417,,,,
162,20201126,601600.SH,4.05,4.11,3.97,4.07,4.08,-0.009999999999999787,-0.2451,3277165.5,1322498.015,2.5057,3.952,4419358.468,3.671,3190668.99,3.389,2138174.117,3.2457,1527677.32,3.1483,1008286.7057,,,,
163,20201125,601600.SH,4.13,4.32,4.07,4.08,4.12,-0.040000000000000036,-0.9709,4966138.19,2063231.893,3.7971,3.814,4129496.368,3.592,2968356.533,3.332,1991689.5165,3.209,1428453.4183,3.1337,964254.8413,,,,
164,20201124,601600.SH,3.85,4.13,3.76,4.12,3.87,0.25,6.4599,5263214.01,2092978.668,4.0243,3.69,3580174.726,3.517,2638911.488,3.2755,1762550.1335,3.172,1276153.8477,3.1193,890682.8795,,,,
165,20201123,601600.SH,3.61,3.98,3.59,3.87,3.62,0.25,6.9061,5385631.14,2066291.333,4.1179,3.536,2886439.968,3.433,2326909.922,3.216,1510577.8425,3.1353,1110130.2027,3.1052,810371.4423,,,,
166,20201120,601600.SH,3.37,3.67,3.34,3.62,3.38,0.2400000000000002,7.1006,3204643.5,1127344.7,2.4503,3.452,2344037.114,3.375,2039696.869,3.169,1256786.1295,3.1077,947732.607,3.0955,731467.8892,,,,
167,20201119,601600.SH,3.45,3.52,3.33,3.38,3.46,-0.08000000000000007,-2.3121,1827855.0,619699.445,1.3976,3.39,1961979.512,3.32,1793731.303,3.1355,1110169.754,3.0867,856161.8357,3.0895,688175.836,,,,
168,20201118,601600.SH,3.35,3.52,3.35,3.46,3.35,0.10999999999999988,3.2836,2219529.98,766352.451,1.6971,3.37,1807216.698,3.285,1658750.12,3.1145,1031426.961,3.071,810243.1657,3.0883,670412.7562,,,,
169,20201117,601600.SH,3.42,3.46,3.32,3.35,3.45,-0.10000000000000009,-2.8986,1794540.22,607722.298,1.3721,3.344,1697648.25,3.239,1486779.647,3.09,932487.864,3.0537,746602.871,3.0862,647056.8523,,,,
170,20201116,601600.SH,3.3,3.52,3.29,3.45,3.31,0.14000000000000012,4.2296,2673616.87,918449.803,2.0443,3.33,1767379.876,3.206,1392019.141,3.072,855908.5065,3.04,695663.9277,3.0855,633398.4508,,,,
171,20201113,601600.SH,3.29,3.36,3.24,3.31,3.28,0.03000000000000025,0.9146,1294355.49,427953.87,0.9897,3.298,1735356.624,3.151,1166208.823,3.049,743560.5955,3.0233,617922.8893,3.0822,600478.9337,,,,
172,20201112,601600.SH,3.31,3.35,3.26,3.28,3.33,-0.050000000000000266,-1.5015,1054040.93,347506.123,0.8059,3.25,1625483.094,3.107,1085679.244,3.033,696181.485,3.0117,593017.8113,3.0807,589247.1797,,,,
173,20201111,601600.SH,3.28,3.38,3.27,3.33,3.28,0.050000000000000266,1.5244,1671687.74,556558.417,1.2782,3.2,1510283.542,3.072,1015022.5,3.0175,658501.861,3.003,571892.703,3.0798,588443.9827,,,,
174,20201110,601600.SH,3.29,3.4,3.28,3.28,3.29,-0.010000000000000231,-0.304,2143198.35,713238.514,1.6387,3.134,1275911.044,3.034,886188.779,2.9995,594775.0275,2.9937,531486.4363,3.079,578873.2147,,,,
175,20201109,601600.SH,3.09,3.38,3.09,3.29,3.07,0.2200000000000002,7.1661,2513500.61,815627.513,1.9218,3.082,1016658.406,2.999,694245.763,2.9865,501740.343,2.988,474400.9047,3.0803,560837.648,,,,
176,20201106,601600.SH,3.03,3.08,3.02,3.07,3.03,0.040000000000000036,1.3201,744987.84,227282.232,0.5696,3.004,597061.022,2.963,473875.39,2.974,401750.476,2.982,413112.9683,3.0817,543245.4993,,,,
177,20201105,601600.SH,3.02,3.04,3.0,3.03,3.0,0.029999999999999805,1.0,478043.17,144441.458,0.3655,2.964,545875.394,2.951,426608.205,2.97,387377.102,2.9803,400494.7797,3.0885,562349.1817,,,,
178,20201104,601600.SH,3.03,3.05,2.99,3.0,3.02,-0.020000000000000018,-0.6623,499825.25,150460.024,0.3822,2.944,519761.458,2.944,404103.802,2.964,385989.6885,2.981,395473.7473,3.0952,579828.2678,,,,
179,20201103,601600.SH,2.92,3.03,2.92,3.02,2.9,0.1200000000000001,4.1379,846935.16,253649.989,0.6476,2.934,496466.514,2.941,378196.081,2.961,376514.483,2.9827,389553.1453,3.1018,600676.7917,,,,
180,20201102,601600.SH,2.87,2.93,2.87,2.9,2.87,0.029999999999999805,1.0453,415513.69,120725.934,0.3177,2.916,371833.12,2.938,319797.872,2.957,347486.321,2.984,372269.9227,3.1077,612087.6595,,,,
181,20201030,601600.SH,2.93,2.95,2.85,2.87,2.93,-0.06000000000000005,-2.0478,489059.7,142065.031,0.3739,2.922,350689.758,2.947,320912.368,2.9595,343779.9225,2.989,371848.5837,3.1142,626595.9847,,,,
182,20201029,601600.SH,2.91,2.94,2.9,2.93,2.95,-0.020000000000000018,-0.678,347473.49,101336.257,0.2657,2.938,307341.016,2.959,306683.726,2.964,346687.095,2.9947,380248.4927,3.1213,642714.914,,,,
183,20201028,601600.SH,2.93,2.97,2.91,2.95,2.93,0.020000000000000018,0.6826,383350.53,112613.126,0.2931,2.944,288446.146,2.963,301981.222,2.9685,350327.8045,3.0017,396470.8297,3.1273,662434.9597,,,,
184,20201027,601600.SH,2.92,2.94,2.91,2.93,2.93,0.0,0.0,223768.19,65404.997,0.1711,2.948,259925.648,2.965,303361.276,2.9735,354135.265,3.0073,400086.7447,3.1327,685355.923,,,,
185,20201026,601600.SH,2.95,2.96,2.91,2.93,2.95,-0.020000000000000018,-0.678,309796.88,90836.213,0.2369,2.96,267762.624,2.974,309234.923,2.9825,364478.4755,3.0117,412526.458,3.1382,701644.096,,,,
186,20201023,601600.SH,2.95,2.98,2.93,2.95,2.96,-0.009999999999999787,-0.3378,272315.99,80572.153,0.2082,2.972,291134.978,2.985,329625.562,2.9915,382731.7575,3.016,417300.5997,3.1432,720562.3627,,,,
187,20201022,601600.SH,2.96,2.97,2.94,2.96,2.97,-0.010000000000000231,-0.3367,252999.14,74754.597,0.1934,2.98,306026.436,2.989,348145.999,2.995,387438.067,3.0203,427380.4223,3.1505,738206.4583,,,,
188,20201021,601600.SH,2.99,2.99,2.95,2.97,2.99,-0.020000000000000018,-0.6689,240748.04,71522.611,0.1841,2.982,315516.298,2.984,367875.575,2.9995,391158.72,3.0253,443178.499,3.1578,760228.614,,,,
189,20201020,601600.SH,2.98,3.0,2.96,2.99,2.99,0.0,0.0,262953.07,78239.747,0.2011,2.982,346796.904,2.981,374832.885,3.0035,395231.6775,3.032,451680.262,3.1655,787347.1225,,,,
190,20201019,601600.SH,3.02,3.06,2.98,2.99,2.99,0.0,0.0,426658.65,128672.242,0.3262,2.988,350707.222,2.976,375174.77,3.007,398505.948,3.0377,469955.655,3.1735,817283.8963,,,,
191,20201016,601600.SH,2.97,3.02,2.97,2.99,2.97,0.020000000000000018,0.6734,346773.28,103901.971,0.2651,2.998,368116.146,2.972,366647.477,3.01,397316.6915,3.0447,482536.7643,3.1762,832908.9935,,,,
192,20201015,601600.SH,2.97,3.01,2.96,2.97,2.97,0.0,0.0,300448.45,89665.986,0.2297,2.998,390265.562,2.969,386690.464,3.0125,417030.876,3.051,488896.0913,3.18,849290.704,,,,
193,20201014,601600.SH,3.02,3.02,2.97,2.97,3.02,-0.04999999999999982,-1.6556,397151.07,118606.98,0.3037,2.986,420234.852,2.974,398674.387,3.021,443715.6335,3.0583,500056.2643,3.1867,866152.8563,,,,
194,20201013,601600.SH,3.04,3.04,3.01,3.02,3.04,-0.020000000000000018,-0.6579,282504.66,85389.384,0.216,2.98,402868.866,2.982,404909.254,3.0285,448449.479,3.0667,505211.9113,3.1942,885232.2887,,,,
195,20201012,601600.SH,3.0,3.05,2.99,3.04,2.99,0.04999999999999982,1.6722,513703.27,155438.002,0.3928,2.964,399642.318,2.991,419722.028,3.0305,464172.2255,3.075,510612.682,3.2015,908970.7472,,,,
196,20201009,601600.SH,2.95,3.01,2.95,2.99,2.91,0.08000000000000007,2.7491,457520.36,136381.716,0.3498,2.946,365178.808,2.998,435837.953,3.0315,461138.1185,3.0833,515203.1713,3.207,931815.1492,,,,
197,20200930,601600.SH,2.94,2.95,2.88,2.91,2.94,-0.029999999999999805,-1.0204,450294.9,131047.661,0.3443,2.94,383115.366,3.001,426730.135,3.036,466997.634,3.0923,520189.8363,3.2167,972880.3213,,,,
198,20200929,601600.SH,2.95,2.97,2.93,2.94,2.94,0.0,0.0,310321.14,91530.353,0.2373,2.962,377113.922,3.015,414441.865,3.046,480829.961,3.1057,530582.3467,3.225,1009413.4148,,,,
199,20200928,601600.SH,2.95,2.97,2.93,2.94,2.95,-0.010000000000000231,-0.339,266371.92,78538.431,0.2037,2.984,406949.642,3.026,415630.47,3.0575,490103.9505,3.1187,547510.8337,3.2307,1055281.7138,,,,
200,20200925,601600.SH,2.97,2.98,2.93,2.95,2.96,-0.009999999999999787,-0.3378,341385.72,100782.568,0.261,3.018,439801.738,3.038,421837.126,3.0685,517346.0975,3.131,571132.974,3.2365,1097029.8317,,,,
201,20200924,601600.SH,3.0,3.0,2.95,2.96,3.02,-0.06000000000000005,-1.9868,547203.15,162730.689,0.4184,3.05,506497.098,3.048,427985.906,3.081,540481.408,3.141,583034.978,,,,,,
202,20200923,601600.SH,3.05,3.06,3.02,3.02,3.05,-0.029999999999999805,-0.9836,420287.68,127583.103,0.3214,3.062,470344.904,3.056,447371.288,3.092,539998.905,3.1497,585476.548,,,,,,
203,20200922,601600.SH,3.07,3.09,3.03,3.05,3.11,-0.06000000000000005,-1.9293,459499.74,140717.565,0.3513,3.068,451769.808,3.068,488756.88,3.1005,550747.203,3.1567,604995.2623,,,,,,
204,20200921,601600.SH,3.12,3.15,3.1,3.11,3.11,0.0,0.0,430632.4,134396.514,0.3293,3.068,424311.298,3.075,491989.704,3.109,555363.24,3.1643,626259.993,,,,,,
205,20200918,601600.SH,3.02,3.12,3.02,3.11,3.02,0.08999999999999986,2.9801,674862.52,207771.849,0.516,3.058,403872.514,3.07,508622.423,3.117,556058.009,3.1727,647274.3913,,,,,,
206,20200917,601600.SH,3.05,3.05,3.0,3.02,3.05,-0.029999999999999805,-0.9836,366442.18,110931.962,0.2802,3.046,349474.714,3.065,486438.284,3.126,554885.7805,3.1813,673378.0303,,,,,,
207,20200916,601600.SH,3.04,3.07,3.03,3.05,3.05,0.0,0.0,327412.2,99954.034,0.2503,3.05,424397.672,3.071,507265.133,3.138,566919.687,3.1967,724203.5837,,,,,,
208,20200915,601600.SH,3.06,3.07,3.03,3.05,3.06,-0.010000000000000231,-0.3268,322207.19,98242.42,0.2464,3.068,525743.952,3.077,547218.057,3.151,588652.5875,3.2093,764182.7883,,,,,,
209,20200914,601600.SH,3.06,3.09,3.05,3.06,3.05,0.010000000000000231,0.3279,328438.48,100661.954,0.2511,3.082,559668.11,3.089,564577.431,3.165,613451.0155,3.221,811800.438,,,,,,
210,20200911,601600.SH,3.05,3.06,3.02,3.05,3.04,0.009999999999999787,0.3289,402873.52,122609.947,0.308,3.082,613372.332,3.099,612855.069,3.1775,645780.898,3.2313,851905.3963,,,,,,
211,20200910,601600.SH,3.15,3.16,3.04,3.04,3.14,-0.10000000000000009,-3.1847,741056.97,229371.417,0.5666,3.084,623401.854,3.114,652976.91,3.1875,660559.514,3.2393,881343.3857,,,,,,
212,20200909,601600.SH,3.09,3.16,3.08,3.14,3.12,0.020000000000000018,0.641,834143.6,261256.455,0.6378,3.092,590132.594,3.128,632626.522,3.1965,654529.178,3.248,905181.3353,,,,,,
213,20200908,601600.SH,3.06,3.13,3.05,3.12,3.06,0.06000000000000005,1.9608,491827.98,152021.355,0.3761,3.086,568692.162,3.133,612737.526,3.201,663114.4535,3.253,928399.0897,,,,,,
214,20200907,601600.SH,3.07,3.13,3.05,3.06,3.06,0.0,0.0,596959.59,184471.927,0.4564,3.096,569486.752,3.143,618736.776,3.209,693395.1375,3.258,970625.1013,,,,,,
215,20200904,601600.SH,3.03,3.07,3.02,3.06,3.08,-0.020000000000000018,-0.6494,453021.13,138076.394,0.3464,3.116,612337.806,3.164,603493.595,3.224,716600.3755,3.2647,990761.734,,,,,,
216,20200903,601600.SH,3.11,3.14,3.06,3.08,3.11,-0.029999999999999805,-0.9646,574710.67,178280.196,0.4394,3.144,682551.966,3.187,623333.277,3.2395,766847.9035,3.2703,1023824.1257,,,,,,
217,20200902,601600.SH,3.16,3.17,3.09,3.11,3.17,-0.06000000000000005,-1.8927,726941.44,226823.231,0.5558,3.164,675120.45,3.205,626574.241,3.2595,832672.809,3.2807,1049032.4943,,,,,,
218,20200901,601600.SH,3.16,3.18,3.15,3.17,3.16,0.009999999999999787,0.3165,495800.93,156774.42,0.3791,3.18,656782.89,3.225,630087.118,3.2755,872665.154,3.2903,1077278.729,,,,,,
219,20200831,601600.SH,3.2,3.24,3.15,3.16,3.2,-0.040000000000000036,-1.25,811214.86,259964.223,0.6203,3.19,667986.8,3.241,662324.6,3.287,935411.9415,3.299,1123013.983,,,,,,
220,20200828,601600.SH,3.16,3.2,3.11,3.2,3.18,0.020000000000000018,0.6289,804091.93,253432.134,0.6148,3.212,594649.384,3.256,678706.727,3.2975,971430.56,3.3093,1164612.1377,,,,,,
221,20200827,601600.SH,3.18,3.21,3.16,3.18,3.19,-0.009999999999999787,-0.3135,537553.09,171081.001,0.411,3.23,564114.588,3.261,668142.118,3.302,995526.6235,3.3077,1183281.2227,,,,,,
222,20200826,601600.SH,3.21,3.26,3.18,3.19,3.22,-0.03000000000000025,-0.9317,635253.64,203737.098,0.4857,3.246,578028.032,3.265,676431.834,3.308,1041458.742,3.309,1209685.3167,,,,,,
223,20200825,601600.SH,3.28,3.28,3.21,3.22,3.27,-0.04999999999999982,-1.5291,551820.48,178899.776,0.4219,3.27,603391.346,3.269,713491.381,3.313,1086229.8715,3.315,1232249.4483,,,,,,
224,20200824,601600.SH,3.29,3.29,3.26,3.27,3.29,-0.020000000000000018,-0.6079,444527.78,145450.204,0.3399,3.292,656662.4,3.275,768053.499,3.3155,1146569.264,3.3217,1265252.666,,,,,,
225,20200821,601600.SH,3.27,3.34,3.26,3.29,3.26,0.03000000000000025,0.9202,651417.95,215248.014,0.4981,3.3,762764.07,3.284,829707.156,3.315,1184395.8035,3.328,1307328.8123,,,,,,
226,20200820,601600.SH,3.3,3.3,3.25,3.26,3.31,-0.050000000000000266,-1.5106,607120.31,198501.182,0.4642,3.292,772169.648,3.292,910362.53,3.312,1224069.55,3.3307,1348427.127,,,,,,
227,20200819,601600.SH,3.35,3.36,3.3,3.31,3.33,-0.020000000000000018,-0.6006,762070.21,254000.843,0.5827,3.284,774835.636,3.314,1038771.377,3.3185,1260261.621,3.341,1425570.8063,,,,,,
228,20200818,601600.SH,3.32,3.37,3.3,3.33,3.31,0.020000000000000018,0.6042,818175.75,273012.878,0.6256,3.268,823591.416,3.326,1115243.19,3.323,1300874.5345,3.3443,1488244.483,,,,,,
229,20200817,601600.SH,3.25,3.33,3.24,3.31,3.25,0.06000000000000005,1.8462,975036.13,320908.892,0.7455,3.258,879444.598,3.333,1208499.283,3.328,1353358.6745,3.3427,1563052.594,,,,,,
230,20200814,601600.SH,3.23,3.26,3.18,3.25,3.22,0.029999999999999805,0.9317,698445.84,224633.63,0.534,3.268,896650.242,3.339,1264154.393,3.336,1407564.843,3.342,1622926.6893,,,,,,
231,20200813,601600.SH,3.24,3.25,3.21,3.22,3.23,-0.009999999999999787,-0.3096,620450.25,200500.968,0.4744,3.292,1048555.412,3.343,1322911.129,3.331,1440850.775,,,,,,,,
232,20200812,601600.SH,3.25,3.27,3.18,3.23,3.28,-0.04999999999999982,-1.5244,1005849.11,323347.369,0.7691,3.344,1302707.118,3.351,1406485.65,3.331,1476312.058,,,,,,,,
233,20200811,601600.SH,3.37,3.41,3.27,3.28,3.36,-0.08000000000000007,-2.381,1097441.66,367026.396,0.8391,3.384,1406894.964,3.357,1458968.362,3.338,1491628.482,,,,,,,,
234,20200810,601600.SH,3.33,3.46,3.28,3.36,3.37,-0.010000000000000231,-0.2967,1061064.35,357771.26,0.8113,3.408,1537553.968,3.356,1525085.029,3.345,1513852.2495,,,,,,,,
235,20200807,601600.SH,3.46,3.46,3.33,3.37,3.48,-0.10999999999999988,-3.1609,1457971.69,494310.645,1.1148,3.41,1631658.544,3.346,1539084.451,3.35,1546139.6405,,,,,,,,
236,20200806,601600.SH,3.42,3.53,3.4,3.48,3.43,0.04999999999999982,1.4577,1891208.78,654492.441,1.446,3.394,1597266.846,3.332,1537776.57,3.35,1567459.4255,,,,,,,,
237,20200805,601600.SH,3.42,3.45,3.34,3.43,3.4,0.03000000000000025,0.8824,1526788.34,518052.096,1.1674,3.358,1510264.182,3.323,1481751.865,3.3545,1618970.521,,,,,,,,
238,20200804,601600.SH,3.37,3.44,3.35,3.4,3.37,0.029999999999999805,0.8902,1750736.68,594197.875,1.3386,3.33,1511041.76,3.32,1486505.879,3.3535,1674745.1295,,,,,,,,
239,20200803,601600.SH,3.3,3.37,3.27,3.37,3.29,0.08000000000000007,2.4316,1531587.23,508978.313,1.1711,3.304,1512616.09,3.323,1498218.066,3.3475,1740329.2495,,,,,,,,
240,20200731,601600.SH,3.28,3.34,3.24,3.29,3.3,-0.009999999999999787,-0.303,1286013.2,422586.916,0.9833,3.282,1446510.358,3.333,1550975.293,3.3435,1802312.8375,,,,,,,,
241,20200730,601600.SH,3.32,3.38,3.26,3.3,3.29,0.009999999999999787,0.304,1456195.46,482288.588,1.1134,3.27,1478286.294,3.319,1558790.421,,,,,,,,,,
242,20200729,601600.SH,3.26,3.31,3.19,3.29,3.27,0.020000000000000018,0.6116,1530676.23,498210.569,1.1704,3.288,1453239.548,3.311,1546138.466,,,,,,,,,,
243,20200728,601600.SH,3.34,3.43,3.23,3.27,3.26,0.010000000000000231,0.3067,1758608.33,584318.657,1.3446,3.31,1461969.998,3.319,1524288.602,,,,,,,,,,
244,20200727,601600.SH,3.25,3.35,3.23,3.26,3.23,0.029999999999999805,0.9288,1201058.57,394103.278,0.9183,3.342,1483820.042,3.334,1502619.47,,,,,,,,,,
245,20200724,601600.SH,3.36,3.4,3.21,3.23,3.39,-0.16000000000000014,-4.7198,1444892.88,476569.614,1.1048,3.384,1655440.228,3.354,1553194.83,,,,,,,,,,
246,20200723,601600.SH,3.38,3.42,3.29,3.39,3.4,-0.009999999999999787,-0.2941,1330961.73,448102.945,1.0177,3.368,1639294.548,3.368,1597142.281,,,,,,,,,,
247,20200722,601600.SH,3.52,3.55,3.38,3.4,3.43,-0.03000000000000025,-0.8746,1574328.48,545012.819,1.2037,3.334,1639037.384,3.386,1756189.177,,,,,,,,,,
248,20200721,601600.SH,3.57,3.57,3.39,3.43,3.47,-0.040000000000000036,-1.1527,1867858.55,647890.011,1.4282,3.328,1586607.206,3.387,1862984.38,,,,,,,,,,
249,20200720,601600.SH,3.16,3.47,3.16,3.47,3.15,0.3200000000000003,10.1587,2059159.5,690022.359,1.5744,3.326,1521418.898,3.372,1982440.433,,,,,,,,,,
250,20200717,601600.SH,3.21,3.24,3.1,3.15,3.22,-0.07000000000000028,-2.1739,1364164.48,431419.79,1.043,3.324,1450949.432,3.354,2053650.382,,,,,,,,,,
251,20200716,601600.SH,3.36,3.43,3.19,3.22,3.37,-0.1499999999999999,-4.451,1329675.91,440731.462,1.0167,3.368,1554990.014,,,,,,,,,,,,
252,20200715,601600.SH,3.5,3.51,3.36,3.37,3.42,-0.04999999999999982,-1.462,1312177.59,448917.176,1.0033,3.438,1873340.97,,,,,,,,,,,,
253,20200714,601600.SH,3.42,3.54,3.37,3.42,3.46,-0.040000000000000036,-1.1561,1541917.01,530939.293,1.179,3.446,2139361.554,,,,,,,,,,,,
254,20200713,601600.SH,3.4,3.51,3.38,3.46,3.37,0.08999999999999986,2.6706,1706812.17,590707.994,1.305,3.418,2443461.968,,,,,,,,,,,,
255,20200710,601600.SH,3.5,3.51,3.35,3.37,3.57,-0.19999999999999973,-5.6022,1884367.39,645211.668,1.4408,3.384,2656351.332,,,,,,,,,,,,
256,20200709,601600.SH,3.41,3.61,3.38,3.57,3.41,0.1599999999999997,4.6921,2921430.69,1019409.76,2.2337,,,,,,,,,,,,,,
257,20200708,601600.SH,3.25,3.45,3.22,3.41,3.28,0.13000000000000034,3.9634,2642280.51,884556.961,2.0203,,,,,,,,,,,,,,
258,20200707,601600.SH,3.42,3.48,3.26,3.28,3.29,-0.010000000000000231,-0.304,3062419.08,1031582.867,2.3415,,,,,,,,,,,,,,
259,20200706,601600.SH,3.03,3.29,3.03,3.29,2.99,0.2999999999999998,10.0334,2771258.99,884657.616,2.1189,,,,,,,,,,,,,,
